
__MAGICC 5.X DATA FILE__

Data: fossil&indEmissions
Gas: NOX
Unit:  MtN
Description: NOX emissions according to (priority ordered) EDGAR32 (1990-2000); EDGAR-HYDE 1.3 - scaled by 3.2 1990 hemispheric emissions - (1890-1990);
Source: EDGAR - www.mnp.nl
Compiled by: Malte Meinshausen, Lauder NZ, NCAR/PIK, malte.meinshausen@gmail.com
Date: 18-Jul-2006 10:49:14

&THISFILE_SPECIFICATIONS
 THISFILE_DATACOLUMNS    =    2  ,
 THISFILE_FIRSTYEAR      = 1765  ,
 THISFILE_LASTYEAR       = 2000  ,
 THISFILE_ANNUALSTEPS    =    1  ,
 THISFILE_FIRSTDATAROW   =   21  ,
/

       YEARS    EMIS-NH             EMIS-SH
       1765     9.32175507e-003     0.00000000e+000
       1766     9.32175507e-003     0.00000000e+000
       1767     9.32175507e-003     0.00000000e+000
       1768     9.32175507e-003     0.00000000e+000
       1769     9.32175507e-003     0.00000000e+000
       1770     9.32175507e-003     0.00000000e+000
       1771     1.24290068e-002     0.00000000e+000
       1772     1.24290068e-002     0.00000000e+000
       1773     1.24290068e-002     0.00000000e+000
       1774     1.24290068e-002     0.00000000e+000
       1775     1.24290068e-002     0.00000000e+000
       1776     1.24290068e-002     0.00000000e+000
       1777     1.24290068e-002     0.00000000e+000
       1778     1.24290068e-002     0.00000000e+000
       1779     1.24290068e-002     0.00000000e+000
       1780     1.24290068e-002     0.00000000e+000
       1781     1.55362585e-002     0.00000000e+000
       1782     1.55362585e-002     0.00000000e+000
       1783     1.55362585e-002     0.00000000e+000
       1784     1.55362585e-002     0.00000000e+000
       1785     1.55362585e-002     0.00000000e+000
       1786     1.55362585e-002     0.00000000e+000
       1787     1.55362585e-002     0.00000000e+000
       1788     1.55362585e-002     0.00000000e+000
       1789     1.55362585e-002     0.00000000e+000
       1790     1.55362585e-002     0.00000000e+000
       1791     1.86435101e-002     0.00000000e+000
       1792     1.86435101e-002     0.00000000e+000
       1793     1.86435101e-002     0.00000000e+000
       1794     1.86435101e-002     0.00000000e+000
       1795     1.86435101e-002     0.00000000e+000
       1796     1.86435101e-002     0.00000000e+000
       1797     2.17507618e-002     0.00000000e+000
       1798     2.17507618e-002     0.00000000e+000
       1799     2.17507618e-002     0.00000000e+000
       1800     2.48580135e-002     0.00000000e+000
       1801     2.48580135e-002     0.00000000e+000
       1802     3.10725169e-002     0.00000000e+000
       1803     2.79652652e-002     0.00000000e+000
       1804     2.79652652e-002     0.00000000e+000
       1805     2.79652652e-002     0.00000000e+000
       1806     3.10725169e-002     0.00000000e+000
       1807     3.10725169e-002     0.00000000e+000
       1808     3.10725169e-002     0.00000000e+000
       1809     3.10725169e-002     0.00000000e+000
       1810     3.10725169e-002     0.00000000e+000
       1811     3.41797686e-002     0.00000000e+000
       1812     3.41797686e-002     0.00000000e+000
       1813     3.41797686e-002     0.00000000e+000
       1814     3.41797686e-002     0.00000000e+000
       1815     3.72870203e-002     0.00000000e+000
       1816     4.03942720e-002     0.00000000e+000
       1817     4.35015237e-002     0.00000000e+000
       1818     4.35015237e-002     0.00000000e+000
       1819     4.35015237e-002     0.00000000e+000
       1820     4.35015237e-002     0.00000000e+000
       1821     4.35015237e-002     0.00000000e+000
       1822     4.66087754e-002     0.00000000e+000
       1823     4.97160271e-002     0.00000000e+000
       1824     4.97160271e-002     0.00000000e+000
       1825     5.28232788e-002     0.00000000e+000
       1826     5.28232788e-002     0.00000000e+000
       1827     5.59305304e-002     0.00000000e+000
       1828     5.59305304e-002     0.00000000e+000
       1829     5.59305304e-002     0.00000000e+000
       1830     7.45740406e-002     0.00000000e+000
       1831     7.14667889e-002     0.00000000e+000
       1832     7.14667889e-002     0.00000000e+000
       1833     7.45740406e-002     0.00000000e+000
       1834     7.45740406e-002     0.00000000e+000
       1835     7.76812923e-002     0.00000000e+000
       1836     9.01102991e-002     0.00000000e+000
       1837     9.01102991e-002     0.00000000e+000
       1838     9.32175507e-002     0.00000000e+000
       1839     9.63248024e-002     0.00000000e+000
       1840     1.02539306e-001     0.00000000e+000
       1841     1.05646558e-001     0.00000000e+000
       1842     1.11861061e-001     0.00000000e+000
       1843     1.14968313e-001     0.00000000e+000
       1844     1.21182816e-001     0.00000000e+000
       1845     1.33611823e-001     0.00000000e+000
       1846     1.33611823e-001     0.00000000e+000
       1847     1.42933578e-001     0.00000000e+000
       1848     1.46040829e-001     0.00000000e+000
       1849     1.55362585e-001     0.00000000e+000
       1850     1.67791591e-001     0.00000000e+000
       1851     1.67791591e-001     0.00000000e+000
       1852     1.77113346e-001     0.00000000e+000
       1853     1.83327850e-001     0.00000000e+000
       1854     2.14400367e-001     0.00000000e+000
       1855     2.20614870e-001     0.00000000e+000
       1856     2.36151129e-001     0.00000000e+000
       1857     2.39258380e-001     0.00000000e+000
       1858     2.42365632e-001     0.00000000e+000
       1859     2.57901890e-001     0.00000000e+000
       1860     2.82521814e-001     1.51435440e-003
       1861     2.94756639e-001     2.74943675e-003
       1862     3.01100910e-001     1.92405795e-003
       1863     3.22812681e-001     2.17205343e-003
       1864     3.47783570e-001     1.45411911e-003
       1865     3.69402607e-001     2.29194277e-003
       1866     3.78493048e-001     3.76320140e-003
       1867     4.03186940e-001     4.80708732e-003
       1868     4.18852624e-001     3.98388506e-003
       1869     4.40686866e-001     3.45291611e-003
       1870     4.56250617e-001     3.27804703e-003
       1871     4.84138368e-001     3.77107144e-003
       1872     5.36947680e-001     3.85990878e-003
       1873     5.70988226e-001     4.74542507e-003
       1874     5.39889148e-001     4.91436583e-003
       1875     5.83447564e-001     4.55250767e-003
       1876     5.92679436e-001     5.12420126e-003
       1877     6.01887516e-001     5.84722514e-003
       1878     6.07878037e-001     7.27184792e-003
       1879     6.50828895e-001     1.07743171e-002
       1880     7.30854001e-001     1.56301116e-002
       1881     7.52921408e-001     1.36161157e-002
       1882     7.93033406e-001     1.54115011e-002
       1883     8.42314119e-001     1.81802856e-002
       1884     8.51377276e-001     1.98250806e-002
       1885     8.57236394e-001     2.20854854e-002
       1886     8.69629182e-001     2.23158537e-002
       1887     9.12033883e-001     2.92921155e-002
       1888     1.01107073e+000     3.18057996e-002
       1889     1.01041638e+000     3.59677314e-002
       1890     1.10050923e+000     3.60787509e-002
       1891     1.16644006e+000     3.64998069e-002
       1892     1.22409486e+000     3.73816398e-002
       1893     1.27536229e+000     3.86566119e-002
       1894     1.32213100e+000     4.02570855e-002
       1895     1.36628964e+000     4.21154229e-002
       1896     1.40972688e+000     4.41639864e-002
       1897     1.45433137e+000     4.63351384e-002
       1898     1.50199176e+000     4.85612411e-002
       1899     1.55459671e+000     5.07746568e-002
       1900     1.61403487e+000     5.29077478e-002
       1901     1.68259385e+000     5.51230941e-002
       1902     1.75991950e+000     5.75914634e-002
       1903     1.84393784e+000     6.02574992e-002
       1904     1.93257489e+000     6.30658451e-002
       1905     2.02375667e+000     6.59611447e-002
       1906     2.11540921e+000     6.88880416e-002
       1907     2.20545852e+000     7.17911793e-002
       1908     2.29183064e+000     7.46152016e-002
       1909     2.37245157e+000     7.73047519e-002
       1910     2.44524734e+000     7.98044740e-002
       1911     2.51039805e+000     8.21096956e-002
       1912     2.57035660e+000     8.42779600e-002
       1913     2.62645823e+000     8.63472342e-002
       1914     2.68003816e+000     8.83554849e-002
       1915     2.73243166e+000     9.03406790e-002
       1916     2.78497394e+000     9.23407834e-002
       1917     2.83900026e+000     9.43937648e-002
       1918     2.89584585e+000     9.65375902e-002
       1919     2.95684594e+000     9.88102264e-002
       1920     3.02333578e+000     1.01249640e-001
       1921     3.09761168e+000     1.03799256e-001
       1922     3.17983736e+000     1.06396019e-001
       1923     3.26814915e+000     1.09068173e-001
       1924     3.36068339e+000     1.11843962e-001
       1925     3.45557643e+000     1.14751633e-001
       1926     3.55096459e+000     1.17819429e-001
       1927     3.64498423e+000     1.21075595e-001
       1928     3.73577167e+000     1.24548377e-001
       1929     3.82146327e+000     1.28266019e-001
       1930     3.90019535e+000     1.32256766e-001
       1931     3.97012252e+000     1.36639818e-001
       1932     4.03230264e+000     1.41498315e-001
       1933     4.08922689e+000     1.46806409e-001
       1934     4.14338648e+000     1.52538252e-001
       1935     4.19727260e+000     1.58667995e-001
       1936     4.25337644e+000     1.65169791e-001
       1937     4.31418921e+000     1.72017791e-001
       1938     4.38220209e+000     1.79186147e-001
       1939     4.45990629e+000     1.86649012e-001
       1940     4.54979299e+000     1.94380538e-001
       1941     4.65807893e+000     2.02317720e-001
       1942     4.78835741e+000     2.10505015e-001
       1943     4.93918450e+000     2.19077767e-001
       1944     5.10911628e+000     2.28171318e-001
       1945     5.29670883e+000     2.37921010e-001
       1946     5.50051821e+000     2.48462185e-001
       1947     5.71910050e+000     2.59930187e-001
       1948     5.95101178e+000     2.72460359e-001
       1949     6.19480812e+000     2.86188041e-001
       1950     6.44904560e+000     3.01248578e-001
       1951     6.73178225e+000     3.19958326e-001
       1952     7.05805415e+000     3.43874159e-001
       1953     7.42188436e+000     3.71992195e-001
       1954     7.81729596e+000     4.03308552e-001
       1955     8.23831204e+000     4.36819349e-001
       1956     8.67895566e+000     4.71520703e-001
       1957     9.13324992e+000     5.06408734e-001
       1958     9.59521789e+000     5.40479560e-001
       1959     1.00588826e+001     5.72729299e-001
       1960     1.05182673e+001     6.02154068e-001
       1961     1.09825174e+001     6.28901447e-001
       1962     1.14634912e+001     6.54110408e-001
       1963     1.19592807e+001     6.78264159e-001
       1964     1.24679777e+001     7.01845911e-001
       1965     1.29876742e+001     7.25338872e-001
       1966     1.35164621e+001     7.49226253e-001
       1967     1.40524334e+001     7.73991262e-001
       1968     1.45936799e+001     8.00117109e-001
       1969     1.51382937e+001     8.28087004e-001
       1970     1.56843665e+001     8.58384155e-001
       1971     1.62497096e+001     8.92022928e-001
       1972     1.68463562e+001     9.29228755e-001
       1973     1.74637313e+001     9.69301443e-001
       1974     1.80912602e+001     1.01154080e+000
       1975     1.87183678e+001     1.05524664e+000
       1976     1.93344794e+001     1.09971877e+000
       1977     1.99290200e+001     1.14425699e+000
       1978     2.04914148e+001     1.18816112e+000
       1979     2.10110889e+001     1.23073097e+000
       1980     2.14774674e+001     1.27126634e+000
       1981     2.19287371e+001     1.30912454e+000
       1982     2.23995994e+001     1.34468289e+000
       1983     2.28742511e+001     1.37877120e+000
       1984     2.33368887e+001     1.41221930e+000
       1985     2.37717091e+001     1.44585700e+000
       1986     2.41629089e+001     1.48051412e+000
       1987     2.44946848e+001     1.51702048e+000
       1988     2.47512336e+001     1.55620590e+000
       1989     2.49167519e+001     1.59890020e+000
       1990     2.49754365e+001     1.64593319e+000
       1991     2.49520844e+001     1.70030270e+000
       1992     2.48963985e+001     1.76297652e+000
       1993     2.48299347e+001     1.83173946e+000
       1994     2.47742488e+001     1.90437632e+000
       1995     2.47508966e+001     1.97867189e+000
       1996     2.48212202e+001     2.05521230e+000
       1997     2.50146646e+001     2.13589300e+000
       1998     2.53049404e+001     2.22046278e+000
       1999     2.56657583e+001     2.30867047e+000
       2000     2.60708288e+001     2.40026487e+000
