
__MAGICC 5.X DATA FILE__

Data: landuseEmissions
Gas: NOX
Unit:  MtN
Description: NOX emissions according to (priority ordered) EDGAR32 (1990-2000); EDGAR-HYDE 1.3 - scaled by 3.2 1990 hemispheric emissions - (1890-1990);
Source: EDGAR - www.mnp.nl
Compiled by: Malte Meinshausen, Lauder NZ, NCAR/PIK, malte.meinshausen@gmail.com
Date: 18-Jul-2006 10:49:14

&THISFILE_SPECIFICATIONS
 THISFILE_DATACOLUMNS    =    2  ,
 THISFILE_FIRSTYEAR      = 1765  ,
 THISFILE_LASTYEAR       = 2000  ,
 THISFILE_ANNUALSTEPS    =    1  ,
 THISFILE_FIRSTDATAROW   =   21  ,
/

       YEARS    EMIS-NH             EMIS-SH
       1765     5.96898497e-001     1.71655025e-001
       1766     6.17718628e-001     1.71662684e-001
       1767     6.38048896e-001     1.71686428e-001
       1768     6.57895133e-001     1.71727408e-001
       1769     6.77263171e-001     1.71786772e-001
       1770     6.96158841e-001     1.71865672e-001
       1771     7.14587976e-001     1.71965256e-001
       1772     7.32556407e-001     1.72086675e-001
       1773     7.50069965e-001     1.72231079e-001
       1774     7.67134483e-001     1.72399617e-001
       1775     7.83755792e-001     1.72593440e-001
       1776     7.99939723e-001     1.72813698e-001
       1777     8.15692109e-001     1.73061541e-001
       1778     8.31018781e-001     1.73338118e-001
       1779     8.45925570e-001     1.73644579e-001
       1780     8.60418310e-001     1.73982075e-001
       1781     8.74502830e-001     1.74351755e-001
       1782     8.88184963e-001     1.74754769e-001
       1783     9.01470541e-001     1.75192268e-001
       1784     9.14365396e-001     1.75665401e-001
       1785     9.26875358e-001     1.76175318e-001
       1786     9.39006260e-001     1.76723169e-001
       1787     9.50763933e-001     1.77310104e-001
       1788     9.62154209e-001     1.77937273e-001
       1789     9.73182921e-001     1.78605826e-001
       1790     9.83855898e-001     1.79316913e-001
       1791     9.94178974e-001     1.80071684e-001
       1792     1.00415798e+000     1.80871288e-001
       1793     1.01379875e+000     1.81716876e-001
       1794     1.02310711e+000     1.82609598e-001
       1795     1.03208889e+000     1.83550603e-001
       1796     1.04074994e+000     1.84541042e-001
       1797     1.04909607e+000     1.85582064e-001
       1798     1.05713312e+000     1.86674820e-001
       1799     1.06486692e+000     1.87820459e-001
       1800     1.07230330e+000     1.89020132e-001
       1801     1.07944811e+000     1.90274988e-001
       1802     1.08630715e+000     1.91586177e-001
       1803     1.09288628e+000     1.92954849e-001
       1804     1.09919132e+000     1.94382154e-001
       1805     1.10522809e+000     1.95869242e-001
       1806     1.11100245e+000     1.97417264e-001
       1807     1.11652020e+000     1.99027368e-001
       1808     1.12178720e+000     2.00700705e-001
       1809     1.12680926e+000     2.02438425e-001
       1810     1.13159222e+000     2.04241678e-001
       1811     1.13614192e+000     2.06111613e-001
       1812     1.14046418e+000     2.08049381e-001
       1813     1.14456484e+000     2.10056132e-001
       1814     1.14844972e+000     2.12133015e-001
       1815     1.15212466e+000     2.14281181e-001
       1816     1.15559549e+000     2.16501779e-001
       1817     1.15886804e+000     2.18795960e-001
       1818     1.16194815e+000     2.21164873e-001
       1819     1.16484165e+000     2.23609669e-001
       1820     1.16755436e+000     2.26131496e-001
       1821     1.17009212e+000     2.28731506e-001
       1822     1.17246076e+000     2.31410848e-001
       1823     1.17466611e+000     2.34170672e-001
       1824     1.17671401e+000     2.37012128e-001
       1825     1.17861028e+000     2.39936366e-001
       1826     1.18036076e+000     2.42944536e-001
       1827     1.18197128e+000     2.46037788e-001
       1828     1.18344768e+000     2.49217271e-001
       1829     1.18479577e+000     2.52484137e-001
       1830     1.18602140e+000     2.55839534e-001
       1831     1.18713039e+000     2.59284613e-001
       1832     1.18812858e+000     2.62820523e-001
       1833     1.18902181e+000     2.66448415e-001
       1834     1.18981589e+000     2.70169438e-001
       1835     1.19051666e+000     2.73984743e-001
       1836     1.19112996e+000     2.77895479e-001
       1837     1.19166162e+000     2.81902796e-001
       1838     1.19211747e+000     2.86007845e-001
       1839     1.19250333e+000     2.90211775e-001
       1840     1.19282504e+000     2.94515736e-001
       1841     1.19308844e+000     2.98920879e-001
       1842     1.19329936e+000     3.03428352e-001
       1843     1.19346362e+000     3.08039306e-001
       1844     1.19358705e+000     3.12754891e-001
       1845     1.19367550e+000     3.17576258e-001
       1846     1.19373479e+000     3.22504555e-001
       1847     1.19377075e+000     3.27540932e-001
       1848     1.19378922e+000     3.32686541e-001
       1849     1.19379602e+000     3.37942530e-001
       1850     1.19379699e+000     3.43310050e-001
       1851     1.17325503e+000     3.81405812e-001
       1852     1.30653672e+000     3.87232223e-001
       1853     1.30144945e+000     3.90817707e-001
       1854     1.29537365e+000     3.94403190e-001
       1855     1.28821290e+000     3.96644118e-001
       1856     1.30062970e+000     3.97988674e-001
       1857     1.31328760e+000     3.98885045e-001
       1858     1.32572851e+000     3.99333230e-001
       1859     1.33819353e+000     4.00229601e-001
       1860     1.35061033e+000     4.00677787e-001
       1861     1.37626368e+000     4.52667298e-001
       1862     1.23413351e+000     4.64320120e-001
       1863     1.23333787e+000     4.75524756e-001
       1864     1.23307266e+000     4.85833021e-001
       1865     1.23314499e+000     4.95244915e-001
       1866     1.23254223e+000     5.03312253e-001
       1867     1.22769606e+000     5.10931406e-001
       1868     1.22241591e+000     5.17654187e-001
       1869     1.21725631e+000     5.24825154e-001
       1870     1.21298879e+000     5.31099751e-001
       1871     1.24474204e+000     8.30487627e-001
       1872     1.44676218e+000     9.23262014e-001
       1873     1.46597808e+000     1.00169447e+000
       1874     1.47755102e+000     1.03217108e+000
       1875     1.49134211e+000     1.05682128e+000
       1876     1.50412056e+000     1.12673821e+000
       1877     1.51624804e+000     1.15273296e+000
       1878     1.52832729e+000     1.17424586e+000
       1879     1.54002079e+000     1.19306965e+000
       1880     1.55226881e+000     1.21054888e+000
       1881     1.63313473e+000     1.22578719e+000
       1882     1.51740533e+000     1.24012912e+000
       1883     1.52336057e+000     1.25491924e+000
       1884     1.52635025e+000     1.26970936e+000
       1885     1.52868895e+000     1.28405130e+000
       1886     1.52707356e+000     1.35576097e+000
       1887     1.52222739e+000     1.37772205e+000
       1888     1.51569350e+000     1.39744221e+000
       1889     1.51137776e+000     1.41357689e+000
       1890     1.50686913e+000     1.42881519e+000
       1891     1.50804419e+000     1.43816035e+000
       1892     1.51133181e+000     1.44615469e+000
       1893     1.51637566e+000     1.45305589e+000
       1894     1.52281939e+000     1.45912167e+000
       1895     1.53030669e+000     1.46460974e+000
       1896     1.53848121e+000     1.46977779e+000
       1897     1.54698661e+000     1.47488353e+000
       1898     1.55546658e+000     1.48018466e+000
       1899     1.56356476e+000     1.48593889e+000
       1900     1.57092482e+000     1.49240393e+000
       1901     1.57786870e+000     1.49939465e+000
       1902     1.58494804e+000     1.50654558e+000
       1903     1.59215107e+000     1.51384381e+000
       1904     1.59946602e+000     1.52127645e+000
       1905     1.60688113e+000     1.52883063e+000
       1906     1.61438463e+000     1.53649344e+000
       1907     1.62196474e+000     1.54425201e+000
       1908     1.62960971e+000     1.55209344e+000
       1909     1.63730776e+000     1.56000485e+000
       1910     1.64504713e+000     1.56797334e+000
       1911     1.65284675e+000     1.57608511e+000
       1912     1.66073080e+000     1.58440379e+000
       1913     1.66869545e+000     1.59288262e+000
       1914     1.67673684e+000     1.60147486e+000
       1915     1.68485114e+000     1.61013376e+000
       1916     1.69303450e+000     1.61881258e+000
       1917     1.70128307e+000     1.62746457e+000
       1918     1.70959301e+000     1.63604298e+000
       1919     1.71796047e+000     1.64450107e+000
       1920     1.72638161e+000     1.65279208e+000
       1921     1.73484265e+000     1.66097572e+000
       1922     1.74334105e+000     1.66913447e+000
       1923     1.75188979e+000     1.67725580e+000
       1924     1.76050188e+000     1.68532715e+000
       1925     1.76919029e+000     1.69333597e+000
       1926     1.77796802e+000     1.70126972e+000
       1927     1.78684805e+000     1.70911584e+000
       1928     1.79584339e+000     1.71686179e+000
       1929     1.80496701e+000     1.72449502e+000
       1930     1.81423190e+000     1.73200298e+000
       1931     1.82333598e+000     1.73938425e+000
       1932     1.83210126e+000     1.74665349e+000
       1933     1.84072692e+000     1.75382229e+000
       1934     1.84941211e+000     1.76090220e+000
       1935     1.85835601e+000     1.76790481e+000
       1936     1.86775778e+000     1.77484168e+000
       1937     1.87781660e+000     1.78172439e+000
       1938     1.88873163e+000     1.78856451e+000
       1939     1.90070203e+000     1.79537362e+000
       1940     1.91392698e+000     1.80216328e+000
       1941     1.92989018e+000     1.80869552e+000
       1942     1.94943965e+000     1.81482680e+000
       1943     1.97182097e+000     1.82071031e+000
       1944     1.99627975e+000     1.82649929e+000
       1945     2.02206159e+000     1.83234694e+000
       1946     2.04841208e+000     1.83840647e+000
       1947     2.07457683e+000     1.84483110e+000
       1948     2.09980143e+000     1.85177405e+000
       1949     2.12333148e+000     1.85938853e+000
       1950     2.14441258e+000     1.86782775e+000
       1951     2.16278340e+000     1.87751049e+000
       1952     2.17912087e+000     1.88862521e+000
       1953     2.19407801e+000     1.90097964e+000
       1954     2.20830782e+000     1.91438148e+000
       1955     2.22246333e+000     1.92863846e+000
       1956     2.23719753e+000     1.94355832e+000
       1957     2.25316345e+000     1.95894875e+000
       1958     2.27101409e+000     1.97461750e+000
       1959     2.29140246e+000     1.99037228e+000
       1960     2.31498158e+000     2.00602081e+000
       1961     2.34498193e+000     2.02190913e+000
       1962     2.38322911e+000     2.03845040e+000
       1963     2.42826883e+000     2.05555303e+000
       1964     2.47864676e+000     2.07312542e+000
       1965     2.53290861e+000     2.09107598e+000
       1966     2.58960007e+000     2.10931313e+000
       1967     2.64726683e+000     2.12774527e+000
       1968     2.70445458e+000     2.14628082e+000
       1969     2.75970902e+000     2.16482817e+000
       1970     2.81157584e+000     2.18329575e+000
       1971     2.86197173e+000     2.20189516e+000
       1972     2.91346969e+000     2.22084126e+000
       1973     2.96559988e+000     2.24004738e+000
       1974     3.01789245e+000     2.25942685e+000
       1975     3.06987756e+000     2.27889298e+000
       1976     3.12108537e+000     2.29835910e+000
       1977     3.17104603e+000     2.31773851e+000
       1978     3.21928971e+000     2.33694456e+000
       1979     3.26534656e+000     2.35589055e+000
       1980     3.30874673e+000     2.37448981e+000
       1981     3.34827023e+000     2.39435499e+000
       1982     3.38382058e+000     2.41647425e+000
       1983     3.41661325e+000     2.43982414e+000
       1984     3.44786369e+000     2.46338121e+000
       1985     3.47878736e+000     2.48612203e+000
       1986     3.51059971e+000     2.50702315e+000
       1987     3.54451621e+000     2.52506113e+000
       1988     3.58175232e+000     2.53921252e+000
       1989     3.62352348e+000     2.54845388e+000
       1990     3.67104516e+000     2.55176176e+000
       1991     3.72519390e+000     2.54974344e+000
       1992     3.78750973e+000     2.54493052e+000
       1993     3.86020334e+000     2.53918606e+000
       1994     3.94548541e+000     2.53437314e+000
       1995     4.04556662e+000     2.53235481e+000
       1996     4.17538962e+000     2.63899147e+000
       1997     4.34415392e+000     2.92865561e+000
       1998     4.54545554e+000     3.35597851e+000
       1999     4.77289048e+000     3.87559143e+000
       2000     5.02005477e+000     4.44212564e+000
