
__MAGICC 5.X DATA FILE__

Data: Optical Thickness
Gas: Organic Carbon Industrial
Unit:  Normalized to 1 in year 2000
Description: GISS optical depth; scaled over time with emissions;
Source: http://data.giss.nasa.gov/
Compiled by: Malte Meinshausen, Lauder NZ, NCAR/PIK, malte.meinshausen@gmail.com
Date: 18-Jul-2006 11:02:43

&THISFILE_SPECIFICATIONS
 THISFILE_DATACOLUMNS    =    4  ,
 THISFILE_FIRSTYEAR      = 1751  ,
 THISFILE_LASTYEAR       = 2002  ,
 THISFILE_ANNUALSTEPS    =    1  ,
 THISFILE_FIRSTDATAROW   =   21  ,
/

       YEARS    OT-NO               OT-NL               OT-SO               OT-SL
       1751     2.79668042e-003     6.08499404e-003     0.00000000e+000     0.00000000e+000
       1752     2.79668042e-003     6.08499404e-003     0.00000000e+000     0.00000000e+000
       1753     2.79668042e-003     6.08499404e-003     0.00000000e+000     0.00000000e+000
       1754     2.79668042e-003     6.08499404e-003     0.00000000e+000     0.00000000e+000
       1755     2.79668042e-003     6.08499404e-003     0.00000000e+000     0.00000000e+000
       1756     2.79668042e-003     6.08499404e-003     0.00000000e+000     0.00000000e+000
       1757     2.79668042e-003     6.08499404e-003     0.00000000e+000     0.00000000e+000
       1758     2.79668042e-003     6.08499404e-003     0.00000000e+000     0.00000000e+000
       1759     2.79668042e-003     6.08499404e-003     0.00000000e+000     0.00000000e+000
       1760     2.79668042e-003     6.08499404e-003     0.00000000e+000     0.00000000e+000
       1761     2.79668042e-003     6.08499404e-003     0.00000000e+000     0.00000000e+000
       1762     2.79668042e-003     6.08499404e-003     0.00000000e+000     0.00000000e+000
       1763     2.79668042e-003     6.08499404e-003     0.00000000e+000     0.00000000e+000
       1764     2.79668042e-003     6.08499404e-003     0.00000000e+000     0.00000000e+000
       1765     2.79668042e-003     6.08499404e-003     0.00000000e+000     0.00000000e+000
       1766     2.79668042e-003     6.08499404e-003     0.00000000e+000     0.00000000e+000
       1767     2.79668042e-003     6.08499404e-003     0.00000000e+000     0.00000000e+000
       1768     2.79668042e-003     6.08499404e-003     0.00000000e+000     0.00000000e+000
       1769     2.79668042e-003     6.08499404e-003     0.00000000e+000     0.00000000e+000
       1770     2.79668042e-003     6.08499404e-003     0.00000000e+000     0.00000000e+000
       1771     3.72890723e-003     8.11332539e-003     0.00000000e+000     0.00000000e+000
       1772     3.72890723e-003     8.11332539e-003     0.00000000e+000     0.00000000e+000
       1773     3.72890723e-003     8.11332539e-003     0.00000000e+000     0.00000000e+000
       1774     3.72890723e-003     8.11332539e-003     0.00000000e+000     0.00000000e+000
       1775     3.72890723e-003     8.11332539e-003     0.00000000e+000     0.00000000e+000
       1776     3.72890723e-003     8.11332539e-003     0.00000000e+000     0.00000000e+000
       1777     3.72890723e-003     8.11332539e-003     0.00000000e+000     0.00000000e+000
       1778     3.72890723e-003     8.11332539e-003     0.00000000e+000     0.00000000e+000
       1779     3.72890723e-003     8.11332539e-003     0.00000000e+000     0.00000000e+000
       1780     3.72890723e-003     8.11332539e-003     0.00000000e+000     0.00000000e+000
       1781     4.66113403e-003     1.01416567e-002     0.00000000e+000     0.00000000e+000
       1782     4.66113403e-003     1.01416567e-002     0.00000000e+000     0.00000000e+000
       1783     4.66113403e-003     1.01416567e-002     0.00000000e+000     0.00000000e+000
       1784     4.66113403e-003     1.01416567e-002     0.00000000e+000     0.00000000e+000
       1785     4.66113403e-003     1.01416567e-002     0.00000000e+000     0.00000000e+000
       1786     4.66113403e-003     1.01416567e-002     0.00000000e+000     0.00000000e+000
       1787     4.66113403e-003     1.01416567e-002     0.00000000e+000     0.00000000e+000
       1788     4.66113403e-003     1.01416567e-002     0.00000000e+000     0.00000000e+000
       1789     4.66113403e-003     1.01416567e-002     0.00000000e+000     0.00000000e+000
       1790     4.66113403e-003     1.01416567e-002     0.00000000e+000     0.00000000e+000
       1791     5.59336084e-003     1.21699881e-002     0.00000000e+000     0.00000000e+000
       1792     5.59336084e-003     1.21699881e-002     0.00000000e+000     0.00000000e+000
       1793     5.59336084e-003     1.21699881e-002     0.00000000e+000     0.00000000e+000
       1794     5.59336084e-003     1.21699881e-002     0.00000000e+000     0.00000000e+000
       1795     5.59336084e-003     1.21699881e-002     0.00000000e+000     0.00000000e+000
       1796     5.59336084e-003     1.21699881e-002     0.00000000e+000     0.00000000e+000
       1797     6.52558765e-003     1.41983194e-002     0.00000000e+000     0.00000000e+000
       1798     6.52558765e-003     1.41983194e-002     0.00000000e+000     0.00000000e+000
       1799     6.52558765e-003     1.41983194e-002     0.00000000e+000     0.00000000e+000
       1800     7.45781445e-003     1.62266508e-002     0.00000000e+000     0.00000000e+000
       1801     7.45781445e-003     1.62266508e-002     0.00000000e+000     0.00000000e+000
       1802     9.32226807e-003     2.02833135e-002     0.00000000e+000     0.00000000e+000
       1803     8.39004126e-003     1.82549821e-002     0.00000000e+000     0.00000000e+000
       1804     8.39004126e-003     1.82549821e-002     0.00000000e+000     0.00000000e+000
       1805     8.39004126e-003     1.82549821e-002     0.00000000e+000     0.00000000e+000
       1806     9.32226807e-003     2.02833135e-002     0.00000000e+000     0.00000000e+000
       1807     9.32226807e-003     2.02833135e-002     0.00000000e+000     0.00000000e+000
       1808     9.32226807e-003     2.02833135e-002     0.00000000e+000     0.00000000e+000
       1809     9.32226807e-003     2.02833135e-002     0.00000000e+000     0.00000000e+000
       1810     9.32226807e-003     2.02833135e-002     0.00000000e+000     0.00000000e+000
       1811     1.02544949e-002     2.23116448e-002     0.00000000e+000     0.00000000e+000
       1812     1.02544949e-002     2.23116448e-002     0.00000000e+000     0.00000000e+000
       1813     1.02544949e-002     2.23116448e-002     0.00000000e+000     0.00000000e+000
       1814     1.02544949e-002     2.23116448e-002     0.00000000e+000     0.00000000e+000
       1815     1.11867217e-002     2.43399762e-002     0.00000000e+000     0.00000000e+000
       1816     1.21189485e-002     2.63683075e-002     0.00000000e+000     0.00000000e+000
       1817     1.30511753e-002     2.83966389e-002     0.00000000e+000     0.00000000e+000
       1818     1.30511753e-002     2.83966389e-002     0.00000000e+000     0.00000000e+000
       1819     1.30511753e-002     2.83966389e-002     0.00000000e+000     0.00000000e+000
       1820     1.30511753e-002     2.83966389e-002     0.00000000e+000     0.00000000e+000
       1821     1.30511753e-002     2.83966389e-002     0.00000000e+000     0.00000000e+000
       1822     1.39834021e-002     3.04249702e-002     0.00000000e+000     0.00000000e+000
       1823     1.49156289e-002     3.24533016e-002     0.00000000e+000     0.00000000e+000
       1824     1.49156289e-002     3.24533016e-002     0.00000000e+000     0.00000000e+000
       1825     1.58478557e-002     3.44816329e-002     0.00000000e+000     0.00000000e+000
       1826     1.58478557e-002     3.44816329e-002     0.00000000e+000     0.00000000e+000
       1827     1.67800825e-002     3.65099642e-002     0.00000000e+000     0.00000000e+000
       1828     1.67800825e-002     3.65099642e-002     0.00000000e+000     0.00000000e+000
       1829     1.67800825e-002     3.65099642e-002     0.00000000e+000     0.00000000e+000
       1830     2.23734434e-002     4.86799523e-002     0.00000000e+000     0.00000000e+000
       1831     2.14412166e-002     4.66516210e-002     0.00000000e+000     0.00000000e+000
       1832     2.14412166e-002     4.66516210e-002     0.00000000e+000     0.00000000e+000
       1833     2.23734434e-002     4.86799523e-002     0.00000000e+000     0.00000000e+000
       1834     2.23734434e-002     4.86799523e-002     0.00000000e+000     0.00000000e+000
       1835     2.33056702e-002     5.07082837e-002     0.00000000e+000     0.00000000e+000
       1836     2.70345774e-002     5.88216091e-002     0.00000000e+000     0.00000000e+000
       1837     2.70345774e-002     5.88216091e-002     0.00000000e+000     0.00000000e+000
       1838     2.79668042e-002     6.08499404e-002     0.00000000e+000     0.00000000e+000
       1839     2.88990310e-002     6.28782718e-002     0.00000000e+000     0.00000000e+000
       1840     3.07634846e-002     6.69349344e-002     0.00000000e+000     0.00000000e+000
       1841     3.16957114e-002     6.89632658e-002     0.00000000e+000     0.00000000e+000
       1842     3.35601650e-002     7.30199285e-002     0.00000000e+000     0.00000000e+000
       1843     3.44923919e-002     7.50482598e-002     0.00000000e+000     0.00000000e+000
       1844     3.63568455e-002     7.91049225e-002     0.00000000e+000     0.00000000e+000
       1845     4.00857527e-002     8.72182479e-002     0.00000000e+000     0.00000000e+000
       1846     4.00857527e-002     8.72182479e-002     0.00000000e+000     0.00000000e+000
       1847     4.28824331e-002     9.33032420e-002     0.00000000e+000     0.00000000e+000
       1848     4.38146599e-002     9.53315733e-002     0.00000000e+000     0.00000000e+000
       1849     4.66113403e-002     1.01416567e-001     0.00000000e+000     0.00000000e+000
       1850     5.03402476e-002     1.09529893e-001     0.00000000e+000     0.00000000e+000
       1851     5.03402476e-002     1.09529893e-001     0.00000000e+000     0.00000000e+000
       1852     5.31369280e-002     1.15614887e-001     0.00000000e+000     0.00000000e+000
       1853     5.50013816e-002     1.19671549e-001     0.00000000e+000     0.00000000e+000
       1854     6.43236497e-002     1.39954863e-001     0.00000000e+000     0.00000000e+000
       1855     6.61881033e-002     1.44011526e-001     0.00000000e+000     0.00000000e+000
       1856     7.08492373e-002     1.54153182e-001     0.00000000e+000     0.00000000e+000
       1857     7.17814641e-002     1.56181514e-001     0.00000000e+000     0.00000000e+000
       1858     7.27136909e-002     1.58209845e-001     0.00000000e+000     0.00000000e+000
       1859     7.73748250e-002     1.68351502e-001     0.00000000e+000     0.00000000e+000
       1860     8.47612085e-002     1.84422734e-001     4.81320533e-002     1.36119273e-001
       1861     8.84318579e-002     1.92409302e-001     8.73877581e-002     2.47135895e-001
       1862     9.03352440e-002     1.96550674e-001     6.11540202e-002     1.72945889e-001
       1863     9.68491339e-002     2.10723541e-001     6.90362779e-002     1.95237213e-001
       1864     1.04340813e-001     2.27023874e-001     4.62175422e-002     1.30704963e-001
       1865     1.10826881e-001     2.41136207e-001     7.28468260e-002     2.06013587e-001
       1866     1.13554163e-001     2.47070206e-001     1.19609128e-001     3.38259152e-001
       1867     1.20962738e-001     2.63189722e-001     1.52787870e-001     4.32089891e-001
       1868     1.25662702e-001     2.73415864e-001     1.26623311e-001     3.58095526e-001
       1869     1.32213335e-001     2.87668677e-001     1.09747059e-001     3.10368846e-001
       1870     1.36882718e-001     2.97828281e-001     1.04189042e-001     2.94650563e-001
       1871     1.45249503e-001     3.16032664e-001     1.19859269e-001     3.38966560e-001
       1872     1.61093169e-001     3.50505179e-001     1.22682864e-001     3.46951793e-001
       1873     1.71305895e-001     3.72725943e-001     1.50828004e-001     4.26547318e-001
       1874     1.61975658e-001     3.52425291e-001     1.56197597e-001     4.41732729e-001
       1875     1.75043902e-001     3.80859068e-001     1.44696341e-001     4.09206743e-001
       1876     1.73264335e-001     3.79314638e-001     8.60292002e-002     2.43172470e-001
       1877     1.71922260e-001     3.78494615e-001     6.63266497e-002     1.87385488e-001
       1878     1.70045200e-001     3.76290403e-001     6.20152177e-002     1.75114260e-001
       1879     1.78650803e-001     3.97204354e-001     7.33543831e-002     2.07023919e-001
       1880     1.97196973e-001     4.40351814e-001     8.82878359e-002     2.49036091e-001
       1881     1.99983863e-001     4.48376930e-001     6.55439698e-002     1.84780763e-001
       1882     2.07623283e-001     4.67247237e-001     6.44809871e-002     1.81682790e-001
       1883     2.17617525e-001     4.91443724e-001     6.71214999e-002     1.89015423e-001
       1884     2.17278057e-001     4.92269957e-001     6.53645531e-002     1.83961358e-001
       1885     2.16301051e-001     4.91543414e-001     6.56608911e-002     1.84686397e-001
       1886     2.17122528e-001     4.94812738e-001     6.03059997e-002     1.69522536e-001
       1887     2.25479548e-001     5.15229172e-001     7.24372663e-002     2.03499135e-001
       1888     2.47676426e-001     5.67370250e-001     7.23875938e-002     2.03232380e-001
       1889     2.45394561e-001     5.63472411e-001     7.57100932e-002     2.12424831e-001
       1890     2.65124845e-001     6.10135796e-001     7.05394379e-002     1.97788280e-001
       1891     2.74978757e-001     6.34148244e-001     6.70742109e-002     1.87946973e-001
       1892     2.74304811e-001     6.33858137e-001     7.13943793e-002     1.99916643e-001
       1893     2.69217810e-001     6.23282045e-001     8.04146945e-002     2.25019047e-001
       1894     2.76650165e-001     6.41641616e-001     8.87023354e-002     2.48034118e-001
       1895     2.91186471e-001     6.76511489e-001     1.00732546e-001     2.81469957e-001
       1896     2.98658772e-001     6.95001985e-001     1.03235745e-001     2.88251346e-001
       1897     3.11820090e-001     7.26755865e-001     1.06395979e-001     2.96850915e-001
       1898     3.27486056e-001     7.64399013e-001     1.18428111e-001     3.30166184e-001
       1899     3.55606256e-001     8.31210053e-001     1.13327361e-001     3.15696382e-001
       1900     3.72794850e-001     8.72566465e-001     1.13482240e-001     3.15872590e-001
       1901     3.74685822e-001     8.76065334e-001     1.33261015e-001     3.70789805e-001
       1902     3.74644459e-001     8.75053053e-001     1.30688990e-001     3.63501942e-001
       1903     3.98806095e-001     9.30524502e-001     1.32743407e-001     3.69084786e-001
       1904     3.93991531e-001     9.18351427e-001     1.30182926e-001     3.61838686e-001
       1905     4.09441059e-001     9.53398259e-001     1.30733232e-001     3.63242815e-001
       1906     4.26602632e-001     9.92366981e-001     1.46754904e-001     4.07620440e-001
       1907     4.63938298e-001     1.07815103e+000     1.44681496e-001     4.01726790e-001
       1908     4.34337440e-001     1.00837473e+000     1.43953832e-001     3.99574388e-001
       1909     4.46478724e-001     1.03556031e+000     1.34313059e-001     3.72693095e-001
       1910     4.56173549e-001     1.05703466e+000     1.50025381e-001     4.16158316e-001
       1911     4.57022383e-001     1.05799979e+000     1.50500207e-001     4.17343514e-001
       1912     4.72234288e-001     1.09219207e+000     1.50578271e-001     4.17429908e-001
       1913     4.98348695e-001     1.15152284e+000     1.50858810e-001     4.18079170e-001
       1914     4.41105532e-001     1.01831874e+000     1.40892429e-001     3.90340828e-001
       1915     4.28519434e-001     9.88366368e-001     1.25823637e-001     3.48488827e-001
       1916     4.54255955e-001     1.04678720e+000     1.21528386e-001     3.36493325e-001
       1917     4.74535537e-001     1.09254901e+000     1.20188682e-001     3.32687246e-001
       1918     4.58030096e-001     1.05362149e+000     1.16856472e-001     3.23370893e-001
       1919     3.87377663e-001     8.90322893e-001     1.14922915e-001     3.17930398e-001
       1920     4.41811040e-001     1.01455542e+000     1.27245314e-001     3.51921772e-001
       1921     3.74523037e-001     8.59305953e-001     1.18014472e-001     3.26302307e-001
       1922     3.89578730e-001     8.93096442e-001     1.12287379e-001     3.10383012e-001
       1923     4.41611099e-001     1.01153438e+000     1.23040118e-001     3.40014486e-001
       1924     4.31685166e-001     9.87981905e-001     1.32781559e-001     3.66837438e-001
       1925     4.31220553e-001     9.86111702e-001     1.36085943e-001     3.75868435e-001
       1926     4.19769337e-001     9.64891163e-001     1.34246150e-001     3.69071900e-001
       1927     4.38728077e-001     1.01374976e+000     1.35396015e-001     3.70510640e-001
       1928     4.25605934e-001     9.88639603e-001     1.29820584e-001     3.53608836e-001
       1929     4.43441013e-001     1.03559270e+000     1.27459177e-001     3.45568762e-001
       1930     3.94743354e-001     9.26870563e-001     1.14135353e-001     3.08011133e-001
       1931     3.41423503e-001     8.06079202e-001     9.74644093e-002     2.61802725e-001
       1932     2.97987238e-001     7.07443043e-001     8.64749768e-002     2.31206182e-001
       1933     3.03886079e-001     7.25511324e-001     9.56819268e-002     2.54635386e-001
       1934     3.21281432e-001     7.71417099e-001     9.94292143e-002     2.63379313e-001
       1935     3.28855718e-001     7.94164675e-001     1.03480191e-001     2.72836592e-001
       1936     3.51425645e-001     8.53634743e-001     1.08025285e-001     2.83496345e-001
       1937     3.64692071e-001     8.91109367e-001     1.16070629e-001     3.03193517e-001
       1938     3.33710287e-001     8.20301690e-001     1.15551659e-001     3.00433360e-001
       1939     3.38230315e-001     8.36468966e-001     1.19026932e-001     3.08028176e-001
       1940     3.58853431e-001     8.92940218e-001     1.19228566e-001     3.07112558e-001
       1941     3.57121159e-001     8.94178597e-001     1.30794601e-001     3.35334253e-001
       1942     3.49904354e-001     8.81652888e-001     1.21863269e-001     3.10978624e-001
       1943     3.52445485e-001     8.93751569e-001     1.25955165e-001     3.19920490e-001
       1944     3.40653962e-001     8.69466153e-001     1.24366954e-001     3.14411307e-001
       1945     2.76981250e-001     7.11610923e-001     1.12582152e-001     2.83288201e-001
       1946     2.88604010e-001     7.46426561e-001     1.07232436e-001     2.68565097e-001
       1947     3.16211350e-001     8.23370026e-001     1.13810277e-001     2.83705653e-001
       1948     3.25194414e-001     8.52579432e-001     1.13663374e-001     2.82012781e-001
       1949     3.05016784e-001     8.05252241e-001     1.16308143e-001     2.87222670e-001
       1950     3.40033991e-001     9.04045319e-001     1.43237961e-001     3.52067265e-001
       1951     3.59401352e-001     9.52645852e-001     1.43185590e-001     3.59389486e-001
       1952     3.55795252e-001     9.40394506e-001     1.43353671e-001     3.67575097e-001
       1953     3.57710241e-001     9.42904288e-001     1.31533547e-001     3.44686919e-001
       1954     3.54356231e-001     9.31676818e-001     1.31648320e-001     3.52729668e-001
       1955     3.81026177e-001     9.99371114e-001     1.34984927e-001     3.69952364e-001
       1956     3.99312896e-001     1.04492583e+000     1.32867600e-001     3.72664097e-001
       1957     4.09879587e-001     1.07023216e+000     1.28806721e-001     3.69903279e-001
       1958     4.14625288e-001     1.08037100e+000     1.22807050e-001     3.61282750e-001
       1959     4.32494543e-001     1.12469766e+000     1.18648691e-001     3.57762433e-001
       1960     4.47011380e-001     1.16024962e+000     1.15190756e-001     3.56206738e-001
       1961     4.34120352e-001     1.12467645e+000     1.15804535e-001     3.56420992e-001
       1962     4.37764595e-001     1.13207825e+000     1.16290144e-001     3.56285655e-001
       1963     4.49190950e-001     1.15962311e+000     1.12813537e-001     3.44108861e-001
       1964     4.61398399e-001     1.18916414e+000     1.17625564e-001     3.57251637e-001
       1965     4.69839107e-001     1.20899027e+000     1.21574166e-001     3.67711888e-001
       1966     4.82477018e-001     1.23960881e+000     1.21754145e-001     3.66773099e-001
       1967     4.86722047e-001     1.24867203e+000     1.23208595e-001     3.69703204e-001
       1968     5.01175672e-001     1.28392682e+000     1.27635922e-001     3.81533373e-001
       1969     5.20240906e-001     1.33094473e+000     1.32265124e-001     3.93911976e-001
       1970     5.47815302e-001     1.39963900e+000     1.36700444e-001     4.05660617e-001
       1971     5.56094120e-001     1.42895873e+000     1.40795266e-001     4.29107861e-001
       1972     5.66637010e-001     1.46423396e+000     1.41210552e-001     4.41494458e-001
       1973     5.85715247e-001     1.52185311e+000     1.42940020e-001     4.57953752e-001
       1974     5.75163074e-001     1.50247120e+000     1.42683403e-001     4.67964786e-001
       1975     5.60972925e-001     1.47311281e+000     1.39853876e-001     4.69113116e-001
       1976     5.83225695e-001     1.53943484e+000     1.44431534e-001     4.95046876e-001
       1977     5.89886961e-001     1.56486610e+000     1.47400380e-001     5.15829395e-001
       1978     5.88232979e-001     1.56818080e+000     1.44494052e-001     5.15875071e-001
       1979     6.11843634e-001     1.63901022e+000     1.51474795e-001     5.51322883e-001
       1980     5.94266199e-001     1.59946277e+000     1.49496854e-001     5.54333556e-001
       1981     5.93693693e-001     1.57535999e+000     1.52425408e-001     5.50166688e-001
       1982     6.06776424e-001     1.58908805e+000     1.55855295e-001     5.48214228e-001
       1983     6.23875283e-001     1.61414582e+000     1.54811724e-001     5.31232046e-001
       1984     6.63728848e-001     1.69800630e+000     1.61958628e-001     5.42706737e-001
       1985     7.02794907e-001     1.77917731e+000     1.65138365e-001     5.40867531e-001
       1986     7.42206050e-001     1.86063594e+000     1.74435110e-001     5.58900315e-001
       1987     7.77786361e-001     1.93204896e+000     1.81261023e-001     5.68610641e-001
       1988     8.27412232e-001     2.03774257e+000     1.87407070e-001     5.76020687e-001
       1989     8.61457513e-001     2.10453802e+000     1.92908761e-001     5.81376807e-001
       1990     8.87654628e-001     2.15212946e+000     2.03303484e-001     6.01171694e-001
       1991     9.02157259e-001     2.18729126e+000     2.03586440e-001     6.02008399e-001
       1992     8.81057982e-001     2.13613581e+000     2.09662853e-001     6.19976450e-001
       1993     8.78885429e-001     2.13086843e+000     2.15541314e-001     6.37359156e-001
       1994     8.95983744e-001     2.17232350e+000     2.25710916e-001     6.67430831e-001
       1995     9.20550952e-001     2.23188700e+000     2.33754719e-001     6.91216486e-001
       1996     9.37078123e-001     2.27195732e+000     2.54179970e-001     7.51614285e-001
       1997     9.55864096e-001     2.31750414e+000     2.62614552e-001     7.76555481e-001
       1998     9.54594332e-001     2.31442559e+000     2.61616202e-001     7.73603344e-001
       1999     9.28960431e-001     2.25227588e+000     2.65118194e-001     7.83958792e-001
       2000     9.52003629e-001     2.30814439e+000     2.68492915e-001     7.93937894e-001
       2001     9.75486936e-001     2.36507996e+000     2.78888293e-001     8.24677198e-001
       2002     9.94225234e-001     2.41051119e+000     2.86923973e-001     8.48438833e-001
