
__MAGICC 5.X DATA FILE__

Data: Optical Thickness
Gas: Sulphate Aerosol Industrial
Unit:  Normalized to 1 in year 2000
Description: GISS optical depth of time-independent species; scaled over time with emissions;
Source: http://data.giss.nasa.gov/
Compiled by: Malte Meinshausen, Lauder NZ, NCAR/PIK, malte.meinshausen@gmail.com
Date: 18-Jul-2006 11:02:43

&THISFILE_SPECIFICATIONS
 THISFILE_DATACOLUMNS    =    4  ,
 THISFILE_FIRSTYEAR      = 1765  ,
 THISFILE_LASTYEAR       = 2002  ,
 THISFILE_ANNUALSTEPS    =    1  ,
 THISFILE_FIRSTDATAROW   =   21  ,
/

       YEARS    OT-NO               OT-NL               OT-SO               OT-SL
       1765     1.12399127e-001     3.04137107e-001     4.66025547e-002     3.28107995e-001
       1766     1.12399127e-001     3.04137107e-001     4.66025547e-002     3.28107995e-001
       1767     1.12399127e-001     3.04137107e-001     4.66025547e-002     3.28107995e-001
       1768     1.12399127e-001     3.04137107e-001     4.66025547e-002     3.28107995e-001
       1769     1.12399127e-001     3.04137107e-001     4.66025547e-002     3.28107995e-001
       1770     1.12399127e-001     3.04137107e-001     4.66025547e-002     3.28107995e-001
       1771     1.12399127e-001     3.04137107e-001     4.66025547e-002     3.28107995e-001
       1772     1.12399127e-001     3.04137107e-001     4.66025547e-002     3.28107995e-001
       1773     1.12399127e-001     3.04137107e-001     4.66025547e-002     3.28107995e-001
       1774     1.12399127e-001     3.04137107e-001     4.66025547e-002     3.28107995e-001
       1775     1.12399127e-001     3.04137107e-001     4.66025547e-002     3.28107995e-001
       1776     1.12399127e-001     3.04137107e-001     4.66025547e-002     3.28107995e-001
       1777     1.12399127e-001     3.04137107e-001     4.66025547e-002     3.28107995e-001
       1778     1.12399127e-001     3.04137107e-001     4.66025547e-002     3.28107995e-001
       1779     1.12399127e-001     3.04137107e-001     4.66025547e-002     3.28107995e-001
       1780     1.12399127e-001     3.04137107e-001     4.66025547e-002     3.28107995e-001
       1781     1.12399127e-001     3.04137107e-001     4.66025547e-002     3.28107995e-001
       1782     1.12399127e-001     3.04137107e-001     4.66025547e-002     3.28107995e-001
       1783     1.12399127e-001     3.04137107e-001     4.66025547e-002     3.28107995e-001
       1784     1.12399127e-001     3.04137107e-001     4.66025547e-002     3.28107995e-001
       1785     1.12399127e-001     3.04137107e-001     4.66025547e-002     3.28107995e-001
       1786     1.12399127e-001     3.04137107e-001     4.66025547e-002     3.28107995e-001
       1787     1.12399127e-001     3.04137107e-001     4.66025547e-002     3.28107995e-001
       1788     1.12399127e-001     3.04137107e-001     4.66025547e-002     3.28107995e-001
       1789     1.12399127e-001     3.04137107e-001     4.66025547e-002     3.28107995e-001
       1790     1.12399127e-001     3.04137107e-001     4.66025547e-002     3.28107995e-001
       1791     1.12399127e-001     3.04137107e-001     4.66025547e-002     3.28107995e-001
       1792     1.12399127e-001     3.04137107e-001     4.66025547e-002     3.28107995e-001
       1793     1.12399127e-001     3.04137107e-001     4.66025547e-002     3.28107995e-001
       1794     1.12399127e-001     3.04137107e-001     4.66025547e-002     3.28107995e-001
       1795     1.12399127e-001     3.04137107e-001     4.66025547e-002     3.28107995e-001
       1796     1.12399127e-001     3.04137107e-001     4.66025547e-002     3.28107995e-001
       1797     1.12399127e-001     3.04137107e-001     4.66025547e-002     3.28107995e-001
       1798     1.12399127e-001     3.04137107e-001     4.66025547e-002     3.28107995e-001
       1799     1.12399127e-001     3.04137107e-001     4.66025547e-002     3.28107995e-001
       1800     1.12399127e-001     3.04137107e-001     4.66025547e-002     3.28107995e-001
       1801     1.12399127e-001     3.04137107e-001     4.66025547e-002     3.28107995e-001
       1802     1.12399127e-001     3.04137107e-001     4.66025547e-002     3.28107995e-001
       1803     1.12399127e-001     3.04137107e-001     4.66025547e-002     3.28107995e-001
       1804     1.12399127e-001     3.04137107e-001     4.66025547e-002     3.28107995e-001
       1805     1.12399127e-001     3.04137107e-001     4.66025547e-002     3.28107995e-001
       1806     1.12399127e-001     3.04137107e-001     4.66025547e-002     3.28107995e-001
       1807     1.12399127e-001     3.04137107e-001     4.66025547e-002     3.28107995e-001
       1808     1.12399127e-001     3.04137107e-001     4.66025547e-002     3.28107995e-001
       1809     1.12399127e-001     3.04137107e-001     4.66025547e-002     3.28107995e-001
       1810     1.12399127e-001     3.04137107e-001     4.66025547e-002     3.28107995e-001
       1811     1.12399127e-001     3.04137107e-001     4.66025547e-002     3.28107995e-001
       1812     1.12399127e-001     3.04137107e-001     4.66025547e-002     3.28107995e-001
       1813     1.12399127e-001     3.04137107e-001     4.66025547e-002     3.28107995e-001
       1814     1.12399127e-001     3.04137107e-001     4.66025547e-002     3.28107995e-001
       1815     1.12399127e-001     3.04137107e-001     4.66025547e-002     3.28107995e-001
       1816     1.12399127e-001     3.04137107e-001     4.66025547e-002     3.28107995e-001
       1817     1.12399127e-001     3.04137107e-001     4.66025547e-002     3.28107995e-001
       1818     1.12399127e-001     3.04137107e-001     4.66025547e-002     3.28107995e-001
       1819     1.12399127e-001     3.04137107e-001     4.66025547e-002     3.28107995e-001
       1820     1.12399127e-001     3.04137107e-001     4.66025547e-002     3.28107995e-001
       1821     1.12399127e-001     3.04137107e-001     4.66025547e-002     3.28107995e-001
       1822     1.12399127e-001     3.04137107e-001     4.66025547e-002     3.28107995e-001
       1823     1.12399127e-001     3.04137107e-001     4.66025547e-002     3.28107995e-001
       1824     1.12399127e-001     3.04137107e-001     4.66025547e-002     3.28107995e-001
       1825     1.12399127e-001     3.04137107e-001     4.66025547e-002     3.28107995e-001
       1826     1.12399127e-001     3.04137107e-001     4.66025547e-002     3.28107995e-001
       1827     1.12399127e-001     3.04137107e-001     4.66025547e-002     3.28107995e-001
       1828     1.12399127e-001     3.04137107e-001     4.66025547e-002     3.28107995e-001
       1829     1.12399127e-001     3.04137107e-001     4.66025547e-002     3.28107995e-001
       1830     1.12399127e-001     3.04137107e-001     4.66025547e-002     3.28107995e-001
       1831     1.12399127e-001     3.04137107e-001     4.66025547e-002     3.28107995e-001
       1832     1.12399127e-001     3.04137107e-001     4.66025547e-002     3.28107995e-001
       1833     1.12399127e-001     3.04137107e-001     4.66025547e-002     3.28107995e-001
       1834     1.12399127e-001     3.04137107e-001     4.66025547e-002     3.28107995e-001
       1835     1.12399127e-001     3.04137107e-001     4.66025547e-002     3.28107995e-001
       1836     1.12399127e-001     3.04137107e-001     4.66025547e-002     3.28107995e-001
       1837     1.12399127e-001     3.04137107e-001     4.66025547e-002     3.28107995e-001
       1838     1.12399127e-001     3.04137107e-001     4.66025547e-002     3.28107995e-001
       1839     1.12399127e-001     3.04137107e-001     4.66025547e-002     3.28107995e-001
       1840     1.12399127e-001     3.04137107e-001     4.66025547e-002     3.28107995e-001
       1841     1.12399127e-001     3.04137107e-001     4.66025547e-002     3.28107995e-001
       1842     1.12399127e-001     3.04137107e-001     4.66025547e-002     3.28107995e-001
       1843     1.12399127e-001     3.04137107e-001     4.66025547e-002     3.28107995e-001
       1844     1.12399127e-001     3.04137107e-001     4.66025547e-002     3.28107995e-001
       1845     1.12399127e-001     3.04137107e-001     4.66025547e-002     3.28107995e-001
       1846     1.12399127e-001     3.04137107e-001     4.66025547e-002     3.28107995e-001
       1847     1.12399127e-001     3.04137107e-001     4.66025547e-002     3.28107995e-001
       1848     1.12399127e-001     3.04137107e-001     4.66025547e-002     3.28107995e-001
       1849     1.12399127e-001     3.04137107e-001     4.66025547e-002     3.28107995e-001
       1850     1.12399127e-001     3.04137107e-001     4.66025547e-002     3.28107995e-001
       1851     1.12399127e-001     3.04137107e-001     4.66025547e-002     3.28107995e-001
       1852     1.12399127e-001     3.04137107e-001     4.66025547e-002     3.28107995e-001
       1853     1.12399127e-001     3.04137107e-001     4.66025547e-002     3.28107995e-001
       1854     1.12399127e-001     3.04137107e-001     4.66025547e-002     3.28107995e-001
       1855     1.12399127e-001     3.04137107e-001     4.66025547e-002     3.28107995e-001
       1856     1.12399127e-001     3.04137107e-001     4.66025547e-002     3.28107995e-001
       1857     1.12399127e-001     3.04137107e-001     4.66025547e-002     3.28107995e-001
       1858     1.12399127e-001     3.04137107e-001     4.66025547e-002     3.28107995e-001
       1859     1.12399127e-001     3.04137107e-001     4.66025547e-002     3.28107995e-001
       1860     1.12399127e-001     3.04137107e-001     4.66025547e-002     3.28107995e-001
       1861     1.12399127e-001     3.04137107e-001     4.66025547e-002     3.28107995e-001
       1862     1.12399127e-001     3.04137107e-001     4.66025547e-002     3.28107995e-001
       1863     1.12399127e-001     3.04137107e-001     4.66025547e-002     3.28107995e-001
       1864     1.12399127e-001     3.04137107e-001     4.66025547e-002     3.28107995e-001
       1865     1.12399127e-001     3.04137107e-001     4.66025547e-002     3.28107995e-001
       1866     1.12399127e-001     3.04137107e-001     4.66025547e-002     3.28107995e-001
       1867     1.12399127e-001     3.04137107e-001     4.66025547e-002     3.28107995e-001
       1868     1.12399127e-001     3.04137107e-001     4.66025547e-002     3.28107995e-001
       1869     1.12399127e-001     3.04137107e-001     4.66025547e-002     3.28107995e-001
       1870     1.12399127e-001     3.04137107e-001     4.66025547e-002     3.28107995e-001
       1871     1.12399127e-001     3.04137107e-001     4.66025547e-002     3.28107995e-001
       1872     1.12399127e-001     3.04137107e-001     4.66025547e-002     3.28107995e-001
       1873     1.12399127e-001     3.04137107e-001     4.66025547e-002     3.28107995e-001
       1874     1.12399127e-001     3.04137107e-001     4.66025547e-002     3.28107995e-001
       1875     1.12399127e-001     3.04137107e-001     4.66025547e-002     3.28107995e-001
       1876     1.12399127e-001     3.04137107e-001     4.66025547e-002     3.28107995e-001
       1877     1.12399127e-001     3.04137107e-001     4.66025547e-002     3.28107995e-001
       1878     1.12399127e-001     3.04137107e-001     4.66025547e-002     3.28107995e-001
       1879     1.12399127e-001     3.04137107e-001     4.66025547e-002     3.28107995e-001
       1880     1.12399127e-001     3.04137107e-001     4.66025547e-002     3.28107995e-001
       1881     1.12399127e-001     3.04137107e-001     4.66025547e-002     3.28107995e-001
       1882     1.12399127e-001     3.04137107e-001     4.66025547e-002     3.28107995e-001
       1883     1.12399127e-001     3.04137107e-001     4.66025547e-002     3.28107995e-001
       1884     1.12399127e-001     3.04137107e-001     4.66025547e-002     3.28107995e-001
       1885     1.12399127e-001     3.04137107e-001     4.66025547e-002     3.28107995e-001
       1886     1.12399127e-001     3.04137107e-001     4.66025547e-002     3.28107995e-001
       1887     1.12399127e-001     3.04137107e-001     4.66025547e-002     3.28107995e-001
       1888     1.12399127e-001     3.04137107e-001     4.66025547e-002     3.28107995e-001
       1889     1.12399127e-001     3.04137107e-001     4.66025547e-002     3.28107995e-001
       1890     1.12399127e-001     3.04137107e-001     4.66025547e-002     3.28107995e-001
       1891     1.12399127e-001     3.04137107e-001     4.66025547e-002     3.28107995e-001
       1892     1.12399127e-001     3.04137107e-001     4.66025547e-002     3.28107995e-001
       1893     1.12399127e-001     3.04137107e-001     4.66025547e-002     3.28107995e-001
       1894     1.12399127e-001     3.04137107e-001     4.66025547e-002     3.28107995e-001
       1895     1.12399127e-001     3.04137107e-001     4.66025547e-002     3.28107995e-001
       1896     1.12399127e-001     3.04137107e-001     4.66025547e-002     3.28107995e-001
       1897     1.12399127e-001     3.04137107e-001     4.66025547e-002     3.28107995e-001
       1898     1.12399127e-001     3.04137107e-001     4.66025547e-002     3.28107995e-001
       1899     1.12399127e-001     3.04137107e-001     4.66025547e-002     3.28107995e-001
       1900     1.12399127e-001     3.04137107e-001     4.66025547e-002     3.28107995e-001
       1901     1.12399127e-001     3.04137107e-001     4.66025547e-002     3.28107995e-001
       1902     1.12399127e-001     3.04137107e-001     4.66025547e-002     3.28107995e-001
       1903     1.12399127e-001     3.04137107e-001     4.66025547e-002     3.28107995e-001
       1904     1.12399127e-001     3.04137107e-001     4.66025547e-002     3.28107995e-001
       1905     1.12399127e-001     3.04137107e-001     4.66025547e-002     3.28107995e-001
       1906     1.12399127e-001     3.04137107e-001     4.66025547e-002     3.28107995e-001
       1907     1.12399127e-001     3.04137107e-001     4.66025547e-002     3.28107995e-001
       1908     1.12399127e-001     3.04137107e-001     4.66025547e-002     3.28107995e-001
       1909     1.12399127e-001     3.04137107e-001     4.66025547e-002     3.28107995e-001
       1910     1.12399127e-001     3.04137107e-001     4.66025547e-002     3.28107995e-001
       1911     1.12399127e-001     3.04137107e-001     4.66025547e-002     3.28107995e-001
       1912     1.12399127e-001     3.04137107e-001     4.66025547e-002     3.28107995e-001
       1913     1.12399127e-001     3.04137107e-001     4.66025547e-002     3.28107995e-001
       1914     1.12399127e-001     3.04137107e-001     4.66025547e-002     3.28107995e-001
       1915     1.12399127e-001     3.04137107e-001     4.66025547e-002     3.28107995e-001
       1916     1.12399127e-001     3.04137107e-001     4.66025547e-002     3.28107995e-001
       1917     1.12399127e-001     3.04137107e-001     4.66025547e-002     3.28107995e-001
       1918     1.12399127e-001     3.04137107e-001     4.66025547e-002     3.28107995e-001
       1919     1.12399127e-001     3.04137107e-001     4.66025547e-002     3.28107995e-001
       1920     1.12399127e-001     3.04137107e-001     4.66025547e-002     3.28107995e-001
       1921     1.12399127e-001     3.04137107e-001     4.66025547e-002     3.28107995e-001
       1922     1.12399127e-001     3.04137107e-001     4.66025547e-002     3.28107995e-001
       1923     1.12399127e-001     3.04137107e-001     4.66025547e-002     3.28107995e-001
       1924     1.12399127e-001     3.04137107e-001     4.66025547e-002     3.28107995e-001
       1925     1.12399127e-001     3.04137107e-001     4.66025547e-002     3.28107995e-001
       1926     1.12399127e-001     3.04137107e-001     4.66025547e-002     3.28107995e-001
       1927     1.12399127e-001     3.04137107e-001     4.66025547e-002     3.28107995e-001
       1928     1.12399127e-001     3.04137107e-001     4.66025547e-002     3.28107995e-001
       1929     1.12399127e-001     3.04137107e-001     4.66025547e-002     3.28107995e-001
       1930     1.12399127e-001     3.04137107e-001     4.66025547e-002     3.28107995e-001
       1931     1.12399127e-001     3.04137107e-001     4.66025547e-002     3.28107995e-001
       1932     1.12399127e-001     3.04137107e-001     4.66025547e-002     3.28107995e-001
       1933     1.12399127e-001     3.04137107e-001     4.66025547e-002     3.28107995e-001
       1934     1.12399127e-001     3.04137107e-001     4.66025547e-002     3.28107995e-001
       1935     1.12399127e-001     3.04137107e-001     4.66025547e-002     3.28107995e-001
       1936     1.12399127e-001     3.04137107e-001     4.66025547e-002     3.28107995e-001
       1937     1.12399127e-001     3.04137107e-001     4.66025547e-002     3.28107995e-001
       1938     1.12399127e-001     3.04137107e-001     4.66025547e-002     3.28107995e-001
       1939     1.12399127e-001     3.04137107e-001     4.66025547e-002     3.28107995e-001
       1940     1.12399127e-001     3.04137107e-001     4.66025547e-002     3.28107995e-001
       1941     1.12399127e-001     3.04137107e-001     4.66025547e-002     3.28107995e-001
       1942     1.12399127e-001     3.04137107e-001     4.66025547e-002     3.28107995e-001
       1943     1.12399127e-001     3.04137107e-001     4.66025547e-002     3.28107995e-001
       1944     1.12399127e-001     3.04137107e-001     4.66025547e-002     3.28107995e-001
       1945     1.12399127e-001     3.04137107e-001     4.66025547e-002     3.28107995e-001
       1946     1.12399127e-001     3.04137107e-001     4.66025547e-002     3.28107995e-001
       1947     1.12399127e-001     3.04137107e-001     4.66025547e-002     3.28107995e-001
       1948     1.12399127e-001     3.04137107e-001     4.66025547e-002     3.28107995e-001
       1949     1.12399127e-001     3.04137107e-001     4.66025547e-002     3.28107995e-001
       1950     1.12399127e-001     3.04137107e-001     4.66025547e-002     3.28107995e-001
       1951     1.12399127e-001     3.04137107e-001     4.66025547e-002     3.28107995e-001
       1952     1.12399127e-001     3.04137107e-001     4.66025547e-002     3.28107995e-001
       1953     1.12399127e-001     3.04137107e-001     4.66025547e-002     3.28107995e-001
       1954     1.12399127e-001     3.04137107e-001     4.66025547e-002     3.28107995e-001
       1955     1.12399127e-001     3.04137107e-001     4.66025547e-002     3.28107995e-001
       1956     1.12399127e-001     3.04137107e-001     4.66025547e-002     3.28107995e-001
       1957     1.12399127e-001     3.04137107e-001     4.66025547e-002     3.28107995e-001
       1958     1.12399127e-001     3.04137107e-001     4.66025547e-002     3.28107995e-001
       1959     1.12399127e-001     3.04137107e-001     4.66025547e-002     3.28107995e-001
       1960     1.12399127e-001     3.04137107e-001     4.66025547e-002     3.28107995e-001
       1961     1.12399127e-001     3.04137107e-001     4.66025547e-002     3.28107995e-001
       1962     1.12399127e-001     3.04137107e-001     4.66025547e-002     3.28107995e-001
       1963     1.12399127e-001     3.04137107e-001     4.66025547e-002     3.28107995e-001
       1964     1.12399127e-001     3.04137107e-001     4.66025547e-002     3.28107995e-001
       1965     1.12399127e-001     3.04137107e-001     4.66025547e-002     3.28107995e-001
       1966     1.12399127e-001     3.04137107e-001     4.66025547e-002     3.28107995e-001
       1967     1.12399127e-001     3.04137107e-001     4.66025547e-002     3.28107995e-001
       1968     1.12399127e-001     3.04137107e-001     4.66025547e-002     3.28107995e-001
       1969     1.12399127e-001     3.04137107e-001     4.66025547e-002     3.28107995e-001
       1970     1.12399127e-001     3.04137107e-001     4.66025547e-002     3.28107995e-001
       1971     1.12399127e-001     3.04137107e-001     4.66025547e-002     3.28107995e-001
       1972     1.12399127e-001     3.04137107e-001     4.66025547e-002     3.28107995e-001
       1973     1.12399127e-001     3.04137107e-001     4.66025547e-002     3.28107995e-001
       1974     1.12399127e-001     3.04137107e-001     4.66025547e-002     3.28107995e-001
       1975     1.12399127e-001     3.04137107e-001     4.66025547e-002     3.28107995e-001
       1976     1.12399127e-001     3.04137107e-001     4.66025547e-002     3.28107995e-001
       1977     1.12399127e-001     3.04137107e-001     4.66025547e-002     3.28107995e-001
       1978     1.12399127e-001     3.04137107e-001     4.66025547e-002     3.28107995e-001
       1979     1.12399127e-001     3.04137107e-001     4.66025547e-002     3.28107995e-001
       1980     1.12399127e-001     3.04137107e-001     4.66025547e-002     3.28107995e-001
       1981     1.12399127e-001     3.04137107e-001     4.66025547e-002     3.28107995e-001
       1982     1.12399127e-001     3.04137107e-001     4.66025547e-002     3.28107995e-001
       1983     1.12399127e-001     3.04137107e-001     4.66025547e-002     3.28107995e-001
       1984     1.12399127e-001     3.04137107e-001     4.66025547e-002     3.28107995e-001
       1985     1.12399127e-001     3.04137107e-001     4.66025547e-002     3.28107995e-001
       1986     1.12399127e-001     3.04137107e-001     4.66025547e-002     3.28107995e-001
       1987     1.12399127e-001     3.04137107e-001     4.66025547e-002     3.28107995e-001
       1988     1.12399127e-001     3.04137107e-001     4.66025547e-002     3.28107995e-001
       1989     1.12399127e-001     3.04137107e-001     4.66025547e-002     3.28107995e-001
       1990     1.12399127e-001     3.04137107e-001     4.66025547e-002     3.28107995e-001
       1991     1.12399127e-001     3.04137107e-001     4.66025547e-002     3.28107995e-001
       1992     1.12399127e-001     3.04137107e-001     4.66025547e-002     3.28107995e-001
       1993     1.12399127e-001     3.04137107e-001     4.66025547e-002     3.28107995e-001
       1994     1.12399127e-001     3.04137107e-001     4.66025547e-002     3.28107995e-001
       1995     1.12399127e-001     3.04137107e-001     4.66025547e-002     3.28107995e-001
       1996     1.12399127e-001     3.04137107e-001     4.66025547e-002     3.28107995e-001
       1997     1.12399127e-001     3.04137107e-001     4.66025547e-002     3.28107995e-001
       1998     1.12399127e-001     3.04137107e-001     4.66025547e-002     3.28107995e-001
       1999     1.12399127e-001     3.04137107e-001     4.66025547e-002     3.28107995e-001
       2000     1.12399127e-001     3.04137107e-001     4.66025547e-002     3.28107995e-001
       2001     1.12399127e-001     3.04137107e-001     4.66025547e-002     3.28107995e-001
       2002     1.12399127e-001     3.04137107e-001     4.66025547e-002     3.28107995e-001
