
__MAGICC 5.X DATA FILE__ 

Data: Radiative Forcing 
Gas: LANDUSE 
Unit:  Watt per square meter (W/m2) 
Description: LANDUSE - Radiative Forcing of year 2000 (as provided on http://data.giss.nasa.gov/efficacy/) for four MAGICC boxes; scaled over time with emissions of file houghton_co2_emis_landuse 
Source: Original-GISS-Description:  Fixed SST Forcing Fs (W/m^2)                    ANN 1911-2000 E2CRPM20A          
Compiled by: Malte Meinshausen, Lauder NZ, NCAR/PIK, malte.meinshausen@gmail.com 
Date: 18-Jul-2006 11:05:18  

&THISFILE_SPECIFICATIONS 
 THISFILE_DATACOLUMNS    =    4  ,
 THISFILE_FIRSTYEAR      = 1765  ,
 THISFILE_LASTYEAR       = 2000  ,
 THISFILE_ANNUALSTEPS    =    1  ,
 THISFILE_FIRSTDATAROW   =   21  ,
/  

       YEARS    FORC-NO             FORC-NL           FORC-SO          FORC-SL
       1765     0.00000000e+000     0.00000000e+000     0.00000000e+000     0.00000000e+000 
       1766     2.06874222e-004    -1.84159781e-003    -7.55036990e-009    -1.01668739e-007 
       1767     4.08881043e-004    -3.63986593e-003    -3.09572135e-008    -4.16851215e-007 
       1768     6.06078407e-004    -5.39532020e-003    -7.13541318e-008    -9.60811815e-007 
       1769     7.98524261e-004    -7.10847643e-003    -1.29874726e-007    -1.74881493e-006 
       1770     9.86276548e-004    -8.77985046e-003    -2.07652596e-007    -2.79612494e-006 
       1771     1.16939322e-003    -1.04099581e-002    -3.05821344e-007    -4.11800624e-006 
       1772     1.34793221e-003    -1.19993152e-002    -4.25514570e-007    -5.72972322e-006 
       1773     1.52195147e-003    -1.35484376e-002    -5.67865875e-007    -7.64654027e-006 
       1774     1.69150895e-003    -1.50578412e-002    -7.34008861e-007    -9.88372177e-006 
       1775     1.85666258e-003    -1.65280416e-002    -9.25077128e-007    -1.24565321e-005 
       1776     2.01747033e-003    -1.79595549e-002    -1.14220428e-006    -1.53802357e-005 
       1777     2.17399012e-003    -1.93528967e-002    -1.38652391e-006    -1.86700969e-005 
       1778     2.32627991e-003    -2.07085830e-002    -1.65916962e-006    -2.23413800e-005 
       1779     2.47439765e-003    -2.20271295e-002    -1.96127502e-006    -2.64093496e-005 
       1780     2.61840126e-003    -2.33090522e-002    -2.29397371e-006    -3.08892700e-005 
       1781     2.75834872e-003    -2.45548668e-002    -2.65839928e-006    -3.57964055e-005 
       1782     2.89429794e-003    -2.57650891e-002    -3.05568534e-006    -4.11460206e-005 
       1783     3.02630690e-003    -2.69402350e-002    -3.48696549e-006    -4.69533797e-005 
       1784     3.15443352e-003    -2.80808203e-002    -3.95337333e-006    -5.32337470e-005 
       1785     3.27873575e-003    -2.91873609e-002    -4.45604246e-006    -6.00023871e-005 
       1786     3.39927154e-003    -3.02603725e-002    -4.99610648e-006    -6.72745643e-005 
       1787     3.51609883e-003    -3.13003711e-002    -5.57469899e-006    -7.50655430e-005 
       1788     3.62927557e-003    -3.23078723e-002    -6.19295359e-006    -8.33905876e-005 
       1789     3.73885971e-003    -3.32833922e-002    -6.85200389e-006    -9.22649625e-005 
       1790     3.84490919e-003    -3.42274464e-002    -7.55298348e-006    -1.01703932e-004 
       1791     3.94748195e-003    -3.51405508e-002    -8.29702597e-006    -1.11722761e-004 
       1792     4.04663594e-003    -3.60232213e-002    -9.08526496e-006    -1.22336713e-004 
       1793     4.14242911e-003    -3.68759737e-002    -9.91883404e-006    -1.33561052e-004 
       1794     4.23491939e-003    -3.76993238e-002    -1.07988668e-005    -1.45411044e-004 
       1795     4.32416474e-003    -3.84937874e-002    -1.17264969e-005    -1.57901953e-004 
       1796     4.41022311e-003    -3.92598804e-002    -1.27028579e-005    -1.71049043e-004 
       1797     4.49315243e-003    -3.99981186e-002    -1.37290834e-005    -1.84867578e-004 
       1798     4.57301065e-003    -4.07090179e-002    -1.48063070e-005    -1.99372823e-004 
       1799     4.64985571e-003    -4.13930939e-002    -1.59356622e-005    -2.14580041e-004 
       1800     4.72374557e-003    -4.20508627e-002    -1.71182828e-005    -2.30504499e-004 
       1801     4.79473817e-003    -4.26828400e-002    -1.83553023e-005    -2.47161459e-004 
       1802     4.86289145e-003    -4.32895416e-002    -1.96478543e-005    -2.64566187e-004 
       1803     4.92826336e-003    -4.38714835e-002    -2.09970725e-005    -2.82733947e-004 
       1804     4.99091184e-003    -4.44291813e-002    -2.24040903e-005    -3.01680002e-004 
       1805     5.05089483e-003    -4.49631509e-002    -2.38700414e-005    -3.21419618e-004 
       1806     5.10827029e-003    -4.54739082e-002    -2.53960594e-005    -3.41968059e-004 
       1807     5.16309616e-003    -4.59619691e-002    -2.69832780e-005    -3.63340589e-004 
       1808     5.21543039e-003    -4.64278492e-002    -2.86328306e-005    -3.85552473e-004 
       1809     5.26533091e-003    -4.68720645e-002    -3.03458510e-005    -4.08618975e-004 
       1810     5.31285568e-003    -4.72951308e-002    -3.21234727e-005    -4.32555359e-004 
       1811     5.35806264e-003    -4.76975639e-002    -3.39668293e-005    -4.57376890e-004 
       1812     5.40100973e-003    -4.80798796e-002    -3.58770544e-005    -4.83098832e-004 
       1813     5.44175490e-003    -4.84425938e-002    -3.78552816e-005    -5.09736450e-004 
       1814     5.48035610e-003    -4.87862224e-002    -3.99026446e-005    -5.37305008e-004 
       1815     5.51687127e-003    -4.91112810e-002    -4.20202769e-005    -5.65819770e-004 
       1816     5.55135835e-003    -4.94182856e-002    -4.42093120e-005    -5.95296001e-004 
       1817     5.58387530e-003    -4.97077520e-002    -4.64708837e-005    -6.25748965e-004 
       1818     5.61448005e-003    -4.99801960e-002    -4.88061256e-005    -6.57193927e-004 
       1819     5.64323056e-003    -5.02361335e-002    -5.12161711e-005    -6.89646150e-004 
       1820     5.67018476e-003    -5.04760803e-002    -5.37021540e-005    -7.23120900e-004 
       1821     5.69540060e-003    -5.07005522e-002    -5.62652078e-005    -7.57633441e-004 
       1822     5.71893603e-003    -5.09100650e-002    -5.89064661e-005    -7.93199036e-004 
       1823     5.74084900e-003    -5.11051345e-002    -6.16270625e-005    -8.29832951e-004 
       1824     5.76119744e-003    -5.12862767e-002    -6.44281307e-005    -8.67550450e-004 
       1825     5.78003931e-003    -5.14540073e-002    -6.73108042e-005    -9.06366797e-004 
       1826     5.79743254e-003    -5.16088422e-002    -7.02762166e-005    -9.46297257e-004 
       1827     5.81343509e-003    -5.17512971e-002    -7.33255016e-005    -9.87357094e-004 
       1828     5.82810490e-003    -5.18818880e-002    -7.64597926e-005    -1.02956157e-003 
       1829     5.84149991e-003    -5.20011306e-002    -7.96802235e-005    -1.07292596e-003 
       1830     5.85367807e-003    -5.21095408e-002    -8.29879276e-005    -1.11746551e-003 
       1831     5.86469733e-003    -5.22076344e-002    -8.63840387e-005    -1.16319550e-003 
       1832     5.87461562e-003    -5.22959273e-002    -8.98696903e-005    -1.21013119e-003 
       1833     5.88349090e-003    -5.23749352e-002    -9.34460160e-005    -1.25828784e-003 
       1834     5.89138112e-003    -5.24451740e-002    -9.71141495e-005    -1.30768072e-003 
       1835     5.89834420e-003    -5.25071595e-002    -1.00875224e-004    -1.35832509e-003 
       1836     5.90443811e-003    -5.25614076e-002    -1.04730374e-004    -1.41023622e-003 
       1837     5.90972079e-003    -5.26084341e-002    -1.08680732e-004    -1.46342936e-003 
       1838     5.91425018e-003    -5.26487548e-002    -1.12727433e-004    -1.51791980e-003 
       1839     5.91808422e-003    -5.26828855e-002    -1.16871609e-004    -1.57372278e-003 
       1840     5.92128087e-003    -5.27113421e-002    -1.21114394e-004    -1.63085358e-003 
       1841     5.92389806e-003    -5.27346404e-002    -1.25456923e-004    -1.68932745e-003 
       1842     5.92599375e-003    -5.27532962e-002    -1.29900328e-004    -1.74915967e-003 
       1843     5.92762587e-003    -5.27678254e-002    -1.34445743e-004    -1.81036550e-003 
       1844     5.92885238e-003    -5.27787438e-002    -1.39094302e-004    -1.87296020e-003 
       1845     5.92973122e-003    -5.27865672e-002    -1.43847138e-004    -1.93695903e-003 
       1846     5.93032033e-003    -5.27918115e-002    -1.48705385e-004    -2.00237726e-003 
       1847     5.93067766e-003    -5.27949925e-002    -1.53670177e-004    -2.06923016e-003 
       1848     5.93086115e-003    -5.27966259e-002    -1.58742647e-004    -2.13753299e-003 
       1849     5.93092875e-003    -5.27972277e-002    -1.63923929e-004    -2.20730101e-003 
       1850     5.93093841e-003    -5.27973137e-002    -1.69215156e-004    -2.27854949e-003 
       1851     5.72682808e-003    -5.09803201e-002    -2.06769433e-004    -2.78423280e-003 
       1852     7.05114958e-003    -6.27694524e-002    -2.12513028e-004    -2.86157260e-003 
       1853     7.00060113e-003    -6.23194693e-002    -2.16047548e-004    -2.90916632e-003 
       1854     6.94023047e-003    -6.17820486e-002    -2.19582069e-004    -2.95676004e-003 
       1855     6.86907933e-003    -6.11486600e-002    -2.21791144e-004    -2.98650612e-003 
       1856     6.99245589e-003    -6.22469601e-002    -2.23116589e-004    -3.00435377e-003 
       1857     7.11822810e-003    -6.33665865e-002    -2.24000219e-004    -3.01625220e-003 
       1858     7.24184422e-003    -6.44670193e-002    -2.24442034e-004    -3.02220141e-003 
       1859     7.36569990e-003    -6.55695846e-002    -2.25325664e-004    -3.03409984e-003 
       1860     7.48907645e-003    -6.66678848e-002    -2.25767479e-004    -3.04004906e-003 
       1861     7.74397480e-003    -6.89369942e-002    -2.77018022e-004    -3.73015804e-003 
       1862     6.33173253e-003    -5.63651897e-002    -2.88505213e-004    -3.88483764e-003 
       1863     6.32382685e-003    -5.62948132e-002    -2.99550589e-004    -4.03356803e-003 
       1864     6.32119162e-003    -5.62713543e-002    -3.09712334e-004    -4.17039998e-003 
       1865     6.32191032e-003    -5.62777522e-002    -3.18990450e-004    -4.29533350e-003 
       1866     6.31592117e-003    -5.62244367e-002    -3.26943120e-004    -4.40241938e-003 
       1867     6.26776838e-003    -5.57957797e-002    -3.34453976e-004    -4.50355604e-003 
       1868     6.21530340e-003    -5.53287356e-002    -3.41081201e-004    -4.59279427e-003 
       1869     6.16403625e-003    -5.48723545e-002    -3.48150242e-004    -4.68798172e-003 
       1870     6.12163304e-003    -5.44948805e-002    -3.54335652e-004    -4.77127074e-003 
       1871     6.43714162e-003    -5.73035432e-002    -6.49468090e-004    -8.74534661e-003 
       1872     8.44446613e-003    -7.51727798e-002    -7.40923801e-004    -9.97683419e-003 
       1873     8.63540033e-003    -7.68724793e-002    -8.18241431e-004    -1.10179469e-002 
       1874     8.75039207e-003    -7.78961377e-002    -8.48284853e-004    -1.14224935e-002 
       1875     8.88742389e-003    -7.91159972e-002    -8.72584679e-004    -1.17497004e-002 
       1876     9.01439393e-003    -8.02462867e-002    -9.41507824e-004    -1.26777780e-002 
       1877     9.13489569e-003    -8.13189954e-002    -9.67133095e-004    -1.30228325e-002 
       1878     9.25491831e-003    -8.23874388e-002    -9.88340217e-004    -1.33083948e-002 
       1879     9.37110788e-003    -8.34217603e-002    -1.00689645e-003    -1.35582619e-002 
       1880     9.49280747e-003    -8.45051321e-002    -1.02412723e-003    -1.37902813e-002 
       1881     1.02963122e-002    -9.16579450e-002    -1.03914894e-003    -1.39925546e-002 
       1882     9.14639486e-003    -8.14213612e-002    -1.05328703e-003    -1.41829295e-002 
       1883     9.20556769e-003    -8.19481188e-002    -1.06786692e-003    -1.43792536e-002 
       1884     9.23527389e-003    -8.22125638e-002    -1.08244682e-003    -1.45755777e-002 
       1885     9.25851181e-003    -8.24194281e-002    -1.09658490e-003    -1.47659526e-002 
       1886     9.24246088e-003    -8.22765425e-002    -1.16727530e-003    -1.57178270e-002 
       1887     9.19430809e-003    -8.18478855e-002    -1.18892424e-003    -1.60093386e-002 
       1888     9.12938567e-003    -8.12699451e-002    -1.20836410e-003    -1.62711041e-002 
       1889     9.08650333e-003    -8.08882058e-002    -1.22426944e-003    -1.64852758e-002 
       1890     9.04170447e-003    -8.04894056e-002    -1.23929115e-003    -1.66875491e-002 
       1891     8.95162761e-003    -7.96875398e-002    -1.25210379e-003    -1.68600764e-002 
       1892     9.27767710e-003    -8.25900379e-002    -1.26403279e-003    -1.70207052e-002 
       1893     9.30378980e-003    -8.28224936e-002    -1.27551998e-003    -1.71753848e-002 
       1894     9.72446791e-003    -8.65673772e-002    -1.28656536e-003    -1.73241152e-002 
       1895     9.81670086e-003    -8.73884365e-002    -1.29716892e-003    -1.74668964e-002 
       1896     9.85670841e-003    -8.77445843e-002    -1.30777248e-003    -1.76096775e-002 
       1897     9.92738041e-003    -8.83737077e-002    -1.31793423e-003    -1.77465095e-002 
       1898     9.95037876e-003    -8.85784394e-002    -1.32765416e-003    -1.78773922e-002 
       1899     9.97313754e-003    -8.87810385e-002    -1.33737409e-003    -1.80082750e-002 
       1900     9.93792132e-003    -8.84675431e-002    -1.34665220e-003    -1.81332085e-002 
       1901     1.13678915e-002    -1.01197162e-001    -1.49200935e-003    -2.00905003e-002 
       1902     1.13554340e-002    -1.01086265e-001    -1.52558729e-003    -2.05426407e-002 
       1903     1.19339862e-002    -1.06236547e-001    -1.55386345e-003    -2.09233905e-002 
       1904     1.24337211e-002    -1.10685195e-001    -1.57948872e-003    -2.12684450e-002 
       1905     1.29073434e-002    -1.14901388e-001    -1.60290492e-003    -2.15837534e-002 
       1906     1.35084148e-002    -1.20252136e-001    -1.62234478e-003    -2.18455189e-002 
       1907     1.35889090e-002    -1.20968697e-001    -1.64045920e-003    -2.20894367e-002 
       1908     1.36777880e-002    -1.21759899e-001    -1.65768998e-003    -2.23214561e-002 
       1909     1.37233056e-002    -1.22165097e-001    -1.67403714e-003    -2.25415771e-002 
       1910     1.37367213e-002    -1.22284524e-001    -1.68994248e-003    -2.27557488e-002 
       1911     1.23623304e-002    -1.10049674e-001    -1.89317739e-003    -2.54923879e-002 
       1912     1.14404800e-002    -1.01843346e-001    -1.93426619e-003    -2.60456649e-002 
       1913     1.06729102e-002    -9.50104262e-002    -1.96740232e-003    -2.64918561e-002 
       1914     1.03502146e-002    -9.21377849e-002    -1.99523666e-003    -2.68666567e-002 
       1915     9.93073434e-003    -8.84035644e-002    -2.01997831e-003    -2.71998127e-002 
       1916     9.84305314e-003    -8.76230249e-002    -2.03809272e-003    -2.74437305e-002 
       1917     9.75633020e-003    -8.68510159e-002    -2.05443988e-003    -2.76638515e-002 
       1918     9.70793785e-003    -8.64202263e-002    -2.06901977e-003    -2.78601756e-002 
       1919     9.78795293e-003    -8.71325219e-002    -2.08271604e-003    -2.80446013e-002 
       1920     9.77142287e-003    -8.69853710e-002    -2.09552868e-003    -2.82171285e-002 
       1921     1.08082650e-002    -9.62153575e-002    -2.30141448e-003    -3.09894629e-002 
       1922     1.05600745e-002    -9.40059615e-002    -2.34161965e-003    -3.15308415e-002 
       1923     1.06901589e-002    -9.51639750e-002    -2.37387214e-003    -3.19651342e-002 
       1924     1.07764027e-002    -9.59317188e-002    -2.39993923e-003    -3.23161379e-002 
       1925     1.07996407e-002    -9.61385831e-002    -2.42202998e-003    -3.26135987e-002 
       1926     1.08772601e-002    -9.68295525e-002    -2.44014440e-003    -3.28575165e-002 
       1927     1.17880905e-002    -1.04937780e-001    -2.45737518e-003    -3.30895359e-002 
       1928     1.18254628e-002    -1.05270469e-001    -2.47372234e-003    -3.33096569e-002 
       1929     1.17945587e-002    -1.04995361e-001    -2.48918587e-003    -3.35178795e-002 
       1930     1.18503776e-002    -1.05492262e-001    -2.50420758e-003    -3.37201528e-002 
       1931     1.21289930e-002    -1.07972501e-001    -2.70788430e-003    -3.64627411e-002 
       1932     1.20544880e-002    -1.07309255e-001    -2.74941492e-003    -3.70219673e-002 
       1933     1.19457250e-002    -1.06341045e-001    -2.78343467e-003    -3.74800569e-002 
       1934     1.16057806e-002    -1.03314855e-001    -2.81259447e-003    -3.78727051e-002 
       1935     1.14951011e-002    -1.02329584e-001    -2.83866155e-003    -3.82237088e-002 
       1936     1.16505795e-002    -1.03713655e-001    -2.85765960e-003    -3.84795251e-002 
       1937     1.10595699e-002    -9.84524776e-002    -2.87533220e-003    -3.87174937e-002 
       1938     1.10852035e-002    -9.86806681e-002    -2.89167936e-003    -3.89376147e-002 
       1939     1.09812318e-002    -9.77551103e-002    -2.90670107e-003    -3.91398880e-002 
       1940     1.06166121e-002    -9.45092602e-002    -2.92128096e-003    -3.93362121e-002 
       1941     1.02143806e-002    -9.09285884e-002    -3.59637432e-003    -4.84266132e-002 
       1942     1.07325621e-002    -9.55414490e-002    -3.70594445e-003    -4.99020186e-002 
       1943     1.06326631e-002    -9.46521458e-002    -3.78988931e-003    -5.10323695e-002 
       1944     1.07943702e-002    -9.60916654e-002    -3.85748701e-003    -5.19425995e-002 
       1945     1.08719896e-002    -9.67826348e-002    -3.91315570e-003    -5.26922006e-002 
       1946     1.28512849e-002    -1.14402355e-001    -3.94717546e-003    -5.31502902e-002 
       1947     1.33534155e-002    -1.18872330e-001    -3.97589343e-003    -5.35369892e-002 
       1948     1.37261804e-002    -1.22190689e-001    -4.00063507e-003    -5.38701453e-002 
       1949     1.39041780e-002    -1.23775227e-001    -4.02272583e-003    -5.41676060e-002 
       1950     1.41959695e-002    -1.26372760e-001    -4.04260750e-003    -5.44353207e-002 
       1951     1.81011368e-002    -1.61136625e-001    -6.47833375e-003    -8.72333451e-002 
       1952     1.92165567e-002    -1.71066111e-001    -7.03943883e-003    -9.47888487e-002 
       1953     1.89484822e-002    -1.68679708e-001    -7.48655564e-003    -1.00809455e-001 
       1954     2.01202001e-002    -1.79110360e-001    -7.66416528e-003    -1.03201039e-001 
       1955     2.11845923e-002    -1.88585598e-001    -7.79273346e-003    -1.04932261e-001 
       1956     2.25220900e-002    -2.00492025e-001    -7.86828383e-003    -1.05949577e-001 
       1957     2.31104644e-002    -2.05729743e-001    -7.92130163e-003    -1.06663483e-001 
       1958     2.36897353e-002    -2.10886423e-001    -7.95797228e-003    -1.07157267e-001 
       1959     2.12662844e-002    -1.89312822e-001    -7.98403936e-003    -1.07508271e-001 
       1960     2.08206914e-002    -1.85346146e-001    -8.00127015e-003    -1.07740291e-001 
       1961     2.25740758e-002    -2.00954804e-001    -9.52420655e-003    -1.28247236e-001 
       1962     2.28095693e-002    -2.03051171e-001    -9.75129947e-003    -1.31305133e-001 
       1963     2.32096448e-002    -2.06612649e-001    -9.91786374e-003    -1.33547987e-001 
       1964     2.37582512e-002    -2.11496352e-001    -1.00433392e-002    -1.35237564e-001 
       1965     2.41909076e-002    -2.15347867e-001    -1.01431894e-002    -1.36582087e-001 
       1966     2.50777814e-002    -2.23242832e-001    -1.01909054e-002    -1.37224602e-001 
       1967     2.51319233e-002    -2.23724805e-001    -1.02266924e-002    -1.37706488e-001 
       1968     2.54721072e-002    -2.26753127e-001    -1.02527595e-002    -1.38057492e-001 
       1969     2.57332343e-002    -2.29077685e-001    -1.02620376e-002    -1.38182426e-001 
       1970     2.52366137e-002    -2.24656760e-001    -1.02660140e-002    -1.38235969e-001 
       1971     2.24547719e-002    -1.99892758e-001    -1.02023926e-002    -1.37379282e-001 
       1972     2.17739250e-002    -1.93831847e-001    -9.95497620e-003    -1.34047721e-001 
       1973     2.26881093e-002    -2.01969931e-001    -9.72390694e-003    -1.30936281e-001 
       1974     2.27765092e-002    -2.02756869e-001    -9.70755979e-003    -1.30716160e-001 
       1975     2.29700786e-002    -2.04480027e-001    -9.69783985e-003    -1.30585278e-001 
       1976     2.64382773e-002    -2.35353990e-001    -9.65896013e-003    -1.30061747e-001 
       1977     2.73347338e-002    -2.43334261e-001    -9.62140585e-003    -1.29556063e-001 
       1978     2.74475694e-002    -2.44338725e-001    -9.58517702e-003    -1.29068228e-001 
       1979     2.71790158e-002    -2.41948057e-001    -1.08302118e-002    -1.45833117e-001 
       1980     2.65353016e-002    -2.36217702e-001    -1.09813125e-002    -1.47867748e-001 
       1981     2.85337622e-002    -2.54008032e-001    -1.18402009e-002    -1.59433023e-001 
       1982     3.32742966e-002    -2.96208349e-001    -1.24750891e-002    -1.67982045e-001 
       1983     3.46048468e-002    -3.08052929e-001    -1.26783240e-002    -1.70718685e-001 
       1984     3.58783803e-002    -3.19389946e-001    -1.27803833e-002    -1.72092953e-001 
       1985     3.65158657e-002    -3.25064852e-001    -1.28466556e-002    -1.72985336e-001 
       1986     3.75816954e-002    -3.34552886e-001    -1.28749317e-002    -1.73366085e-001 
       1987     3.80725664e-002    -3.38922627e-001    -1.28762572e-002    -1.73383933e-001 
       1988     3.85258254e-002    -3.42957547e-001    -1.28656536e-002    -1.73241152e-001 
       1989     3.85909874e-002    -3.43537621e-001    -1.28550500e-002    -1.73098371e-001 
       1990     3.87169992e-002    -3.44659380e-001    -1.28373774e-002    -1.72860402e-001 
       1991     4.39079179e-002    -3.90869025e-001    -1.28749317e-002    -1.73366085e-001 
       1992     3.92473986e-002    -3.49381004e-001    -1.54688277e-002    -2.08293929e-001 
       1993     3.86427337e-002    -3.43998267e-001    -1.58726467e-002    -2.13731512e-001 
       1994     3.79647616e-002    -3.37962948e-001    -1.61752900e-002    -2.17806724e-001 
       1995     3.70014662e-002    -3.29387676e-001    -1.64121028e-002    -2.20995504e-001 
       1996     3.61536417e-002    -3.21840328e-001    -1.66056178e-002    -2.23601260e-001 
       1997     3.54986680e-002    -3.16009741e-001    -1.67134207e-002    -2.25052869e-001 
       1998     3.48518394e-002    -3.10251662e-001    -1.68004582e-002    -2.26224864e-001 
       1999     3.43286270e-002    -3.05594016e-001    -1.68729159e-002    -2.27200535e-001 
       2000     3.46541974e-002    -3.08492249e-001    -1.69338864e-002    -2.28021527e-001 
