
__MAGICC 5.X DATA FILE__ 

Data: Radiative Forcing 
Gas: BCSNOW 
Unit:  Watt per square meter (W/m2) 
Description: BCSNOW - Radiative Forcing of year 2000 (as provided on http://data.giss.nasa.gov/efficacy/) for four MAGICC boxes; scaled over time with optical thickness of file giss_bci_ot and giss_bcb_ot 
Source: Original-GISS-Description:  NET RADIA. AT   0 MB (W/M+2) ANN  E2SNAa-E2arM20A (Snow/Ice alb lower ~BCdep - a 
Compiled by: Malte Meinshausen, Lauder NZ, NCAR/PIK, malte.meinshausen@gmail.com 
Date: 18-Jul-2006 11:05:18  

&THISFILE_SPECIFICATIONS 
 THISFILE_DATACOLUMNS    =    4  ,
 THISFILE_FIRSTYEAR      = 1765  ,
 THISFILE_LASTYEAR       = 2000  ,
 THISFILE_ANNUALSTEPS    =    1  ,
 THISFILE_FIRSTDATAROW   =   21  ,
/  

       YEARS    FORC-NO             FORC-NL           FORC-SO          FORC-SL
       1765     0.00000000e+000     0.00000000e+000     0.00000000e+000     0.00000000e+000 
       1766     8.68966992e-005     7.36871852e-004     4.70013779e-010     4.76373836e-009 
       1767     1.71748866e-004     1.45640635e-003     1.92709988e-009     1.95317670e-008 
       1768     2.54580839e-004     2.15880990e-003     4.44182545e-009     4.50193062e-008 
       1769     3.35416959e-004     2.84428889e-003     8.08475764e-009     8.19415765e-008 
       1770     4.14281565e-004     3.51304971e-003     1.29264636e-008     1.31013798e-007 
       1771     5.08010709e-004     4.30623232e-003     1.90375104e-008     1.92951191e-007 
       1772     5.83005307e-004     4.94217602e-003     2.64884653e-008     2.68468976e-007 
       1773     6.56101410e-004     5.56202074e-003     3.53498954e-008     3.58282374e-007 
       1774     7.27323358e-004     6.16597290e-003     4.56923679e-008     4.63106604e-007 
       1775     7.96695491e-004     6.75423888e-003     5.75864498e-008     5.83656888e-007 
       1776     8.64242148e-004     7.32702508e-003     7.11027084e-008     7.20648444e-007 
       1777     9.29987669e-004     7.88453790e-003     8.63117107e-008     8.74796495e-007 
       1778     9.93956393e-004     8.42698373e-003     1.03284024e-007     1.04681626e-006 
       1779     1.05617266e-003     8.95456898e-003     1.22090215e-007     1.23742296e-006 
       1780     1.11666081e-003     9.46750004e-003     1.42800852e-007     1.44733181e-006 
       1781     1.19225690e-003     1.01069168e-002     1.65486501e-007     1.67725804e-006 
       1782     1.24936183e-003     1.05911587e-002     1.90217729e-007     1.92791687e-006 
       1783     1.30481167e-003     1.10613656e-002     2.17065104e-007     2.20002351e-006 
       1784     1.35863075e-003     1.15177439e-002     2.46099193e-007     2.49429318e-006 
       1785     1.41084341e-003     1.19604999e-002     2.77390563e-007     2.81144112e-006 
       1786     1.46147400e-003     1.23898402e-002     3.11009781e-007     3.15218253e-006 
       1787     1.51054684e-003     1.28059710e-002     3.47027414e-007     3.51723263e-006 
       1788     1.55808628e-003     1.32090988e-002     3.85514030e-007     3.90730666e-006 
       1789     1.60411667e-003     1.35994301e-002     4.26540195e-007     4.32311982e-006 
       1790     1.64866233e-003     1.39771710e-002     4.70176476e-007     4.76538734e-006 
       1791     1.70855932e-003     1.44834618e-002     5.16493442e-007     5.23482444e-006 
       1792     1.75020857e-003     1.48366415e-002     5.65561658e-007     5.73214634e-006 
       1793     1.79044611e-003     1.51778502e-002     6.17451693e-007     6.25806826e-006 
       1794     1.82929629e-003     1.55072943e-002     6.72234113e-007     6.81330542e-006 
       1795     1.86678344e-003     1.58251802e-002     7.29979485e-007     7.39857303e-006 
       1796     1.90293192e-003     1.61317142e-002     7.90758377e-007     8.01458633e-006 
       1797     1.95457776e-003     1.65680363e-002     8.54641356e-007     8.66206053e-006 
       1798     1.98812189e-003     1.68524858e-002     9.21698988e-007     9.34171085e-006 
       1799     2.02040036e-003     1.71262027e-002     9.92001841e-007     1.00542525e-005 
       1800     2.06824921e-003     1.75303269e-002     1.06562048e-006     1.08004007e-005 
       1801     2.09806937e-003     1.77831977e-002     1.14262548e-006     1.15808707e-005 
       1802     2.16032031e-003     1.83078221e-002     1.22308740e-006     1.23963777e-005 
       1803     2.17096781e-003     1.83997388e-002     1.30707681e-006     1.32476370e-005 
       1804     2.19728306e-003     1.86228884e-002     1.39466427e-006     1.41353636e-005 
       1805     2.22247868e-003     1.88365437e-002     1.48592036e-006     1.50602730e-005 
       1806     2.26339073e-003     1.91818448e-002     1.58091564e-006     1.60230802e-005 
       1807     2.28642012e-003     1.93771308e-002     1.67972068e-006     1.70245005e-005 
       1808     2.30840290e-003     1.95635417e-002     1.78240605e-006     1.80652492e-005 
       1809     2.32936342e-003     1.97412839e-002     1.88904230e-006     1.91460414e-005 
       1810     2.34932601e-003     1.99105639e-002     1.99970002e-006     2.02675923e-005 
       1811     2.38512672e-003     2.02125216e-002     2.11444976e-006     2.14306173e-005 
       1812     2.40316648e-003     2.03654962e-002     2.23336210e-006     2.26358314e-005 
       1813     2.42028133e-003     2.05106277e-002     2.35650759e-006     2.38839500e-005 
       1814     2.43649561e-003     2.06481225e-002     2.48395682e-006     2.51756882e-005 
       1815     2.46864537e-003     2.09191206e-002     2.61578034e-006     2.65117613e-005 
       1816     2.49994325e-003     2.11828948e-002     2.75204872e-006     2.78928845e-005 
       1817     2.53041358e-003     2.14396515e-002     2.89283254e-006     2.93197730e-005 
       1818     2.54326898e-003     2.15486635e-002     3.03820235e-006     3.07931420e-005 
       1819     2.55534552e-003     2.16510708e-002     3.18822872e-006     3.23137068e-005 
       1820     2.56666752e-003     2.17470799e-002     3.34298222e-006     3.38821825e-005 
       1821     2.57725934e-003     2.18368970e-002     3.50253343e-006     3.54992844e-005 
       1822     2.60395702e-003     2.20616621e-002     3.66695290e-006     3.71657277e-005 
       1823     2.62997318e-003     2.22806482e-002     3.83631120e-006     3.88822277e-005 
       1824     2.63852046e-003     2.23531279e-002     4.01067890e-006     4.06494995e-005 
       1825     2.66324663e-003     2.25611749e-002     4.19012656e-006     4.24682584e-005 
       1826     2.67055259e-003     2.26231284e-002     4.37472477e-006     4.43392196e-005 
       1827     2.69408611e-003     2.28210619e-002     4.56454407e-006     4.62630982e-005 
       1828     2.70024810e-003     2.28733148e-002     4.75965504e-006     4.82406097e-005 
       1829     2.70587462e-003     2.29210269e-002     4.96012824e-006     5.02724690e-005 
       1830     2.81186028e-003     2.38100060e-002     5.16603425e-006     5.23593916e-005 
       1831     2.79967717e-003     2.37083222e-002     5.37744363e-006     5.45020925e-005 
       1832     2.80384331e-003     2.37436505e-002     5.59442694e-006     5.67012870e-005 
       1833     2.82438305e-003     2.39161972e-002     5.81705476e-006     5.89576904e-005 
       1834     2.82769730e-003     2.39443016e-002     6.04539765e-006     6.12720178e-005 
       1835     2.84743383e-003     2.41100372e-002     6.27952618e-006     6.36449845e-005 
       1836     2.91724040e-003     2.46954775e-002     6.51951091e-006     6.60773057e-005 
       1837     2.91945937e-003     2.47142940e-002     6.76542242e-006     6.85696966e-005 
       1838     2.93817363e-003     2.48713609e-002     7.01733126e-006     7.11228725e-005 
       1839     2.95659582e-003     2.50259511e-002     7.27530802e-006     7.37375485e-005 
       1840     2.99156198e-003     2.53192044e-002     7.53942324e-006     7.64144399e-005 
       1841     3.00947303e-003     2.54694602e-002     7.80974751e-006     7.91542618e-005 
       1842     3.04397674e-003     2.57587920e-002     8.08635139e-006     8.19577296e-005 
       1843     3.06147402e-003     2.59055390e-002     8.36930544e-006     8.48255585e-005 
       1844     3.09561263e-003     2.61917749e-002     8.65868023e-006     8.77584635e-005 
       1845     3.16322863e-003     2.67586394e-002     8.95454633e-006     9.07571601e-005 
       1846     3.16347609e-003     2.67607378e-002     9.25697431e-006     9.38223634e-005 
       1847     3.21406132e-003     2.71848112e-002     9.56603474e-006     9.69547885e-005 
       1848     3.23095010e-003     2.73263983e-002     9.88179817e-006     1.00155151e-004 
       1849     3.28141364e-003     2.77494397e-002     1.02043352e-005     1.03424166e-004 
       1850     3.34866454e-003     2.83132083e-002     1.05337163e-005     1.06762548e-004 
       1851     3.26292880e-003     2.75861812e-002     1.28714863e-005     1.30456586e-004 
       1852     3.86963995e-003     3.27261246e-002     1.32290276e-005     1.34080380e-004 
       1853     3.88203070e-003     3.28279416e-002     1.34490530e-005     1.36310407e-004 
       1854     4.02478936e-003     3.40222409e-002     1.36690784e-005     1.38540434e-004 
       1855     4.02852603e-003     3.40506725e-002     1.38065943e-005     1.39934201e-004 
       1856     4.16440842e-003     3.51947990e-002     1.38891038e-005     1.40770461e-004 
       1857     4.23405025e-003     3.57837246e-002     1.39441101e-005     1.41327968e-004 
       1858     4.30278643e-003     3.63649703e-002     1.39716133e-005     1.41606721e-004 
       1859     4.43887008e-003     3.75108035e-002     1.40266197e-005     1.42164228e-004 
       1860     4.62389942e-003     3.90669318e-002     5.75463104e-005     4.62863599e-004 
       1861     4.79716470e-003     4.05297891e-002     9.62081860e-005     7.56528736e-004 
       1862     4.23828344e-003     3.57872315e-002     7.32184280e-005     5.89135313e-004 
       1863     4.35243372e-003     3.67438383e-002     8.10284260e-005     6.48577244e-004 
       1864     4.48643121e-003     3.78670398e-002     6.10419591e-005     5.03081623e-004 
       1865     4.60370238e-003     3.88501600e-002     8.56817821e-005     6.86209650e-004 
       1866     4.65037028e-003     3.92411361e-002     1.28431318e-004     1.00252924e-003 
       1867     4.76374961e-003     4.01896435e-002     1.58879227e-004     1.22814275e-003 
       1868     4.82647071e-003     4.07133048e-002     1.35649444e-004     1.05814357e-003 
       1869     4.92306980e-003     4.15210159e-002     1.20840091e-004     9.50256472e-004 
       1870     4.98946581e-003     4.20758933e-002     1.16202904e-004     9.17158659e-004 
       1871     5.27287996e-003     4.44645994e-002     1.48734664e-004     1.20768443e-003 
       1872     6.40177222e-003     5.40097890e-002     1.56979225e-004     1.28418338e-003 
       1873     6.66614895e-003     5.62338379e-002     1.87224267e-004     1.52033066e-003 
       1874     6.54618994e-003     5.52328905e-002     1.93946454e-004     1.57503188e-003 
       1875     6.83942140e-003     5.76966385e-002     1.85066579e-004     1.51379814e-003 
       1876     6.94236323e-003     5.85816989e-002     1.34147134e-004     1.15192246e-003 
       1877     7.07697072e-003     5.97309280e-002     1.18937495e-004     1.04508085e-003 
       1878     7.23364078e-003     6.10645420e-002     1.17859009e-004     1.04178762e-003 
       1879     7.34102497e-003     6.19834104e-002     1.26308864e-004     1.10890939e-003 
       1880     7.49523723e-003     6.32952049e-002     1.34343483e-004     1.17303645e-003 
       1881     7.91079059e-003     6.68245203e-002     1.16919024e-004     1.04656807e-003 
       1882     7.50778003e-003     6.34118785e-002     1.15634167e-004     1.04035477e-003 
       1883     7.64681203e-003     6.45929604e-002     1.17230271e-004     1.05583623e-003 
       1884     7.80512746e-003     6.59353027e-002     1.18294551e-004     1.06736304e-003 
       1885     7.92002283e-003     6.69119227e-002     1.20521864e-004     1.08766687e-003 
       1886     8.07672461e-003     6.82393344e-002     1.21959752e-004     1.11100368e-003 
       1887     8.23615708e-003     6.95889878e-002     1.32935484e-004     1.19925741e-003 
       1888     8.36134618e-003     7.06498799e-002     1.30210549e-004     1.18291502e-003 
       1889     8.61537135e-003     7.27967265e-002     1.37201680e-004     1.24042460e-003 
       1890     8.76040092e-003     7.40254157e-002     1.31075772e-004     1.19716143e-003 
       1891     8.83360785e-003     7.46477978e-002     1.28072450e-004     1.17735749e-003 
       1892     9.08052156e-003     7.67431069e-002     1.32882768e-004     1.21785431e-003 
       1893     9.27784622e-003     7.84140356e-002     1.43296360e-004     1.30219075e-003 
       1894     9.64672806e-003     8.15395370e-002     1.50537969e-004     1.36230820e-003 
       1895     9.83916217e-003     8.31706589e-002     1.58213578e-004     1.42623764e-003 
       1896     1.02962656e-002     8.70330721e-002     1.64052245e-004     1.47621678e-003 
       1897     1.08337252e-002     9.15744718e-002     1.69580174e-004     1.52410235e-003 
       1898     1.13870171e-002     9.62492365e-002     1.82119107e-004     1.62806575e-003 
       1899     1.17614991e-002     9.94160164e-002     1.74564589e-004     1.57260180e-003 
       1900     1.21552966e-002     1.02745088e-001     1.74964471e-004     1.58038368e-003 
       1901     1.29551248e-002     1.09342463e-001     2.03813919e-004     1.83372454e-003 
       1902     1.29489167e-002     1.09117395e-001     2.04800239e-004     1.84881417e-003 
       1903     1.32320271e-002     1.11345539e-001     2.02535690e-004     1.83681322e-003 
       1904     1.36695961e-002     1.14862445e-001     2.06393917e-004     1.87394549e-003 
       1905     1.39929567e-002     1.17420696e-001     2.05627219e-004     1.87320862e-003 
       1906     1.45868078e-002     1.22236316e-001     2.19205640e-004     1.98898604e-003 
       1907     1.48367906e-002     1.24149740e-001     2.11411621e-004     1.93009992e-003 
       1908     1.55715417e-002     1.30073516e-001     2.27528429e-004     2.06702788e-003 
       1909     1.57282013e-002     1.31195984e-001     2.17964854e-004     1.99300304e-003 
       1910     1.58039331e-002     1.31647124e-001     2.29630206e-004     2.09370867e-003 
       1911     1.54944194e-002     1.28782934e-001     2.44881630e-004     2.24617357e-003 
       1912     1.54507102e-002     1.28147103e-001     2.46590494e-004     2.26777606e-003 
       1913     1.51654497e-002     1.25542819e-001     2.41801454e-004     2.23432752e-003 
       1914     1.49142658e-002     1.23276023e-001     2.47828692e-004     2.29019634e-003 
       1915     1.44965827e-002     1.19644418e-001     2.35967103e-004     2.19625610e-003 
       1916     1.43507458e-002     1.18284823e-001     2.25490802e-004     2.11262717e-003 
       1917     1.43265684e-002     1.17921271e-001     2.20653213e-004     2.07569550e-003 
       1918     1.40489330e-002     1.15508788e-001     2.19207410e-004     2.06688437e-003 
       1919     1.40697914e-002     1.15545845e-001     2.33851829e-004     2.19369222e-003 
       1920     1.43696703e-002     1.17827311e-001     2.33923736e-004     2.19761050e-003 
       1921     1.54795968e-002     1.26823408e-001     2.62976425e-004     2.46711399e-003 
       1922     1.52249513e-002     1.24577459e-001     2.52970100e-004     2.38838225e-003 
       1923     1.45533432e-002     1.19051093e-001     2.43751962e-004     2.31507532e-003 
       1924     1.48693843e-002     1.21474309e-001     2.57498319e-004     2.43669580e-003 
       1925     1.49848262e-002     1.22271431e-001     2.62009602e-004     2.47935379e-003 
       1926     1.50983117e-002     1.23619010e-001     2.67914977e-004     2.51632438e-003 
       1927     1.54720141e-002     1.27213263e-001     2.66962714e-004     2.49574017e-003 
       1928     1.53801013e-002     1.26891523e-001     2.67409297e-004     2.48758009e-003 
       1929     1.52851448e-002     1.26527480e-001     2.62605732e-004     2.43770817e-003 
       1930     1.52574671e-002     1.26719182e-001     2.65106512e-004     2.44761542e-003 
       1931     1.54704517e-002     1.28915204e-001     2.78708916e-004     2.57165220e-003 
       1932     1.55081256e-002     1.29636789e-001     2.85059797e-004     2.61562674e-003 
       1933     1.54559163e-002     1.29611866e-001     2.97937669e-004     2.70794477e-003 
       1934     1.53057671e-002     1.28755713e-001     2.98535956e-004     2.70526220e-003 
       1935     1.53343007e-002     1.29408997e-001     3.04022125e-004     2.73911954e-003 
       1936     1.54585227e-002     1.30879698e-001     3.03712306e-004     2.72882536e-003 
       1937     1.56455265e-002     1.32894586e-001     3.15298912e-004     2.80546685e-003 
       1938     1.66659476e-002     1.42044982e-001     3.42536534e-004     2.99303484e-003 
       1939     1.65610593e-002     1.41626640e-001     3.45838654e-004     3.00635946e-003 
       1940     1.63361509e-002     1.40183926e-001     3.37002674e-004     2.93429846e-003 
       1941     1.59675908e-002     1.37494333e-001     3.92352223e-004     3.44136265e-003 
       1942     1.61941783e-002     1.39880767e-001     3.91211624e-004     3.44349333e-003 
       1943     1.62546982e-002     1.40883397e-001     4.02148742e-004     3.52415206e-003 
       1944     1.60890277e-002     1.39876160e-001     4.06566162e-004     3.55694393e-003 
       1945     1.52507301e-002     1.32932475e-001     4.14860761e-004     3.61340016e-003 
       1946     1.61954747e-002     1.41409014e-001     4.03713992e-004     3.53615482e-003 
       1947     1.62686897e-002     1.42399700e-001     3.98326795e-004     3.49745958e-003 
       1948     1.60773941e-002     1.41040891e-001     3.90413509e-004     3.44260014e-003 
       1949     1.63449381e-002     1.43811927e-001     4.07060651e-004     3.54663128e-003 
       1950     1.64994198e-002     1.45553451e-001     4.24635482e-004     3.65457309e-003 
       1951     1.82965781e-002     1.60536307e-001     5.70535879e-004     5.16874875e-003 
       1952     1.84916988e-002     1.61740690e-001     6.04225159e-004     5.52902796e-003 
       1953     1.80898072e-002     1.57908200e-001     6.14382956e-004     5.70849525e-003 
       1954     1.84834726e-002     1.60932226e-001     6.26527180e-004     5.84147684e-003 
       1955     1.94408457e-002     1.68992841e-001     6.35807835e-004     5.94546708e-003 
       1956     2.02612611e-002     1.75788033e-001     6.35779591e-004     5.97512940e-003 
       1957     2.06437615e-002     1.78828021e-001     6.33629675e-004     5.98507263e-003 
       1958     2.16085001e-002     1.86999266e-001     6.37491817e-004     6.03420259e-003 
       1959     2.16343636e-002     1.87286641e-001     6.41358034e-004     6.08231787e-003 
       1960     2.23705683e-002     1.93533227e-001     6.44520028e-004     6.12478884e-003 
       1961     2.19454167e-002     1.89681784e-001     7.34135027e-004     7.04338841e-003 
       1962     2.19727705e-002     1.89967485e-001     7.49176456e-004     7.18946509e-003 
       1963     2.23730168e-002     1.93500926e-001     7.56326588e-004     7.26760869e-003 
       1964     2.29842142e-002     1.98867054e-001     7.72422762e-004     7.40360393e-003 
       1965     2.37600876e-002     2.05695801e-001     7.89562383e-004     7.54236190e-003 
       1966     2.46461139e-002     2.13435800e-001     7.96213578e-004     7.59580617e-003 
       1967     2.45726375e-002     2.12847118e-001     7.99499948e-004     7.62294438e-003 
       1968     2.52125370e-002     2.18494927e-001     8.09502761e-004     7.69659270e-003 
       1969     2.63363697e-002     2.28416448e-001     8.23287815e-004     7.79407276e-003 
       1970     2.82373194e-002     2.45294904e-001     8.46301003e-004     7.95617916e-003 
       1971     2.82770350e-002     2.46832679e-001     8.58089057e-004     8.08564976e-003 
       1972     2.79032634e-002     2.44416083e-001     8.36774106e-004     7.94109520e-003 
       1973     2.87066305e-002     2.52192958e-001     8.21412567e-004     7.84242861e-003 
       1974     2.85502095e-002     2.51548862e-001     8.20663998e-004     7.88848769e-003 
       1975     2.83403103e-002     2.50371529e-001     8.16836221e-004     7.90911758e-003 
       1976     2.97647978e-002     2.63168029e-001     8.11753091e-004     7.91419152e-003 
       1977     3.02233152e-002     2.67829738e-001     8.11429349e-004     7.95998806e-003 
       1978     3.08852463e-002     2.74558921e-001     8.11629720e-004     8.01124696e-003 
       1979     3.18527577e-002     2.84235915e-001     9.02112450e-004     8.97036511e-003 
       1980     3.01986818e-002     2.69961469e-001     8.98863298e-004     8.99860864e-003 
       1981     3.12006752e-002     2.77515403e-001     9.59962705e-004     9.59815826e-003 
       1982     3.34021081e-002     2.95333328e-001     1.00331281e-003     1.00202953e-002 
       1983     3.44198207e-002     3.03307905e-001     1.01466253e-003     1.01222377e-002 
       1984     3.62139577e-002     3.18314806e-001     1.03250159e-003     1.02810508e-002 
       1985     3.78319338e-002     3.31829069e-001     1.04360775e-003     1.03748891e-002 
       1986     3.93500496e-002     3.44324557e-001     1.05824050e-003     1.04993090e-002 
       1987     4.01939783e-002     3.50902030e-001     1.06426319e-003     1.05423657e-002 
       1988     4.15302308e-002     3.61857475e-001     1.06948980e-003     1.05775433e-002 
       1989     4.24527398e-002     3.69193325e-001     1.07634617e-003     1.06277090e-002 
       1990     4.31660848e-002     3.74673867e-001     1.08985101e-003     1.07377293e-002 
       1991     4.44595653e-002     3.85358530e-001     1.07848764e-003     1.06370856e-002 
       1992     4.09521426e-002     3.55120058e-001     1.23769099e-003     1.22530665e-002 
       1993     3.98308768e-002     3.45334305e-001     1.26121403e-003     1.24931923e-002 
       1994     3.87914714e-002     3.36278770e-001     1.27853003e-003     1.26703110e-002 
       1995     3.92227196e-002     3.40203221e-001     1.30543999e-003     1.29301497e-002 
       1996     3.94133165e-002     3.41994437e-001     1.34382416e-003     1.32912589e-002 
       1997     3.80890798e-002     3.30429321e-001     1.34095478e-003     1.32723349e-002 
       1998     3.70385037e-002     3.21271299e-001     1.33557621e-003     1.32292693e-002 
       1999     3.67560174e-002     3.18855782e-001     1.35122451e-003     1.33760601e-002 
       2000     3.69113465e-002     3.20178897e-001     1.35172111e-003     1.33845912e-002 
