
__MAGICC 5.X DATA FILE__

Data: Optical Thickness
Gas: Sulphate Aerosol Industrial
Unit:  Normalized to 1 in year 2000
Description: GISS optical depth; scaled over time with emissions;
Source: http://data.giss.nasa.gov/
Compiled by: Malte Meinshausen, Lauder NZ, NCAR/PIK, malte.meinshausen@gmail.com
Date: 18-Jul-2006 11:02:43

&THISFILE_SPECIFICATIONS
 THISFILE_DATACOLUMNS    =    4  ,
 THISFILE_FIRSTYEAR      = 1765  ,
 THISFILE_LASTYEAR       = 2000  ,
 THISFILE_ANNUALSTEPS    =    1  ,
 THISFILE_FIRSTDATAROW   =   21  ,
/

       YEARS    OT-NO               OT-NL               OT-SO               OT-SL
       1765     1.22235415e-003     2.42907216e-003     0.00000000e+000     0.00000000e+000
       1766     1.22235415e-003     2.42907216e-003     0.00000000e+000     0.00000000e+000
       1767     1.22235415e-003     2.42907216e-003     0.00000000e+000     0.00000000e+000
       1768     1.22235415e-003     2.42907216e-003     0.00000000e+000     0.00000000e+000
       1769     1.22235415e-003     2.42907216e-003     0.00000000e+000     0.00000000e+000
       1770     1.22235415e-003     2.42907216e-003     0.00000000e+000     0.00000000e+000
       1771     1.62980553e-003     3.23876288e-003     0.00000000e+000     0.00000000e+000
       1772     1.62980553e-003     3.23876288e-003     0.00000000e+000     0.00000000e+000
       1773     1.62980553e-003     3.23876288e-003     0.00000000e+000     0.00000000e+000
       1774     1.62980553e-003     3.23876288e-003     0.00000000e+000     0.00000000e+000
       1775     1.62980553e-003     3.23876288e-003     0.00000000e+000     0.00000000e+000
       1776     1.62980553e-003     3.23876288e-003     0.00000000e+000     0.00000000e+000
       1777     1.62980553e-003     3.23876288e-003     0.00000000e+000     0.00000000e+000
       1778     1.62980553e-003     3.23876288e-003     0.00000000e+000     0.00000000e+000
       1779     1.62980553e-003     3.23876288e-003     0.00000000e+000     0.00000000e+000
       1780     1.62980553e-003     3.23876288e-003     0.00000000e+000     0.00000000e+000
       1781     2.03725691e-003     4.04845359e-003     0.00000000e+000     0.00000000e+000
       1782     2.03725691e-003     4.04845359e-003     0.00000000e+000     0.00000000e+000
       1783     2.03725691e-003     4.04845359e-003     0.00000000e+000     0.00000000e+000
       1784     2.03725691e-003     4.04845359e-003     0.00000000e+000     0.00000000e+000
       1785     2.03725691e-003     4.04845359e-003     0.00000000e+000     0.00000000e+000
       1786     2.03725691e-003     4.04845359e-003     0.00000000e+000     0.00000000e+000
       1787     2.03725691e-003     4.04845359e-003     0.00000000e+000     0.00000000e+000
       1788     2.03725691e-003     4.04845359e-003     0.00000000e+000     0.00000000e+000
       1789     2.03725691e-003     4.04845359e-003     0.00000000e+000     0.00000000e+000
       1790     2.03725691e-003     4.04845359e-003     0.00000000e+000     0.00000000e+000
       1791     2.44470829e-003     4.85814431e-003     0.00000000e+000     0.00000000e+000
       1792     2.44470829e-003     4.85814431e-003     0.00000000e+000     0.00000000e+000
       1793     2.44470829e-003     4.85814431e-003     0.00000000e+000     0.00000000e+000
       1794     2.44470829e-003     4.85814431e-003     0.00000000e+000     0.00000000e+000
       1795     2.44470829e-003     4.85814431e-003     0.00000000e+000     0.00000000e+000
       1796     2.44470829e-003     4.85814431e-003     0.00000000e+000     0.00000000e+000
       1797     2.85215967e-003     5.66783503e-003     0.00000000e+000     0.00000000e+000
       1798     2.85215967e-003     5.66783503e-003     0.00000000e+000     0.00000000e+000
       1799     2.85215967e-003     5.66783503e-003     0.00000000e+000     0.00000000e+000
       1800     3.25961106e-003     6.47752575e-003     0.00000000e+000     0.00000000e+000
       1801     3.25961106e-003     6.47752575e-003     0.00000000e+000     0.00000000e+000
       1802     4.07451382e-003     8.09690719e-003     0.00000000e+000     0.00000000e+000
       1803     3.66706244e-003     7.28721647e-003     0.00000000e+000     0.00000000e+000
       1804     3.66706244e-003     7.28721647e-003     0.00000000e+000     0.00000000e+000
       1805     3.66706244e-003     7.28721647e-003     0.00000000e+000     0.00000000e+000
       1806     4.07451382e-003     8.09690719e-003     0.00000000e+000     0.00000000e+000
       1807     4.07451382e-003     8.09690719e-003     0.00000000e+000     0.00000000e+000
       1808     4.07451382e-003     8.09690719e-003     0.00000000e+000     0.00000000e+000
       1809     4.07451382e-003     8.09690719e-003     0.00000000e+000     0.00000000e+000
       1810     4.07451382e-003     8.09690719e-003     0.00000000e+000     0.00000000e+000
       1811     4.48196520e-003     8.90659791e-003     0.00000000e+000     0.00000000e+000
       1812     4.48196520e-003     8.90659791e-003     0.00000000e+000     0.00000000e+000
       1813     4.48196520e-003     8.90659791e-003     0.00000000e+000     0.00000000e+000
       1814     4.48196520e-003     8.90659791e-003     0.00000000e+000     0.00000000e+000
       1815     4.88941658e-003     9.71628863e-003     0.00000000e+000     0.00000000e+000
       1816     5.29686797e-003     1.05259793e-002     0.00000000e+000     0.00000000e+000
       1817     5.70431935e-003     1.13356701e-002     0.00000000e+000     0.00000000e+000
       1818     5.70431935e-003     1.13356701e-002     0.00000000e+000     0.00000000e+000
       1819     5.70431935e-003     1.13356701e-002     0.00000000e+000     0.00000000e+000
       1820     5.70431935e-003     1.13356701e-002     0.00000000e+000     0.00000000e+000
       1821     5.70431935e-003     1.13356701e-002     0.00000000e+000     0.00000000e+000
       1822     6.11177073e-003     1.21453608e-002     0.00000000e+000     0.00000000e+000
       1823     6.51922211e-003     1.29550515e-002     0.00000000e+000     0.00000000e+000
       1824     6.51922211e-003     1.29550515e-002     0.00000000e+000     0.00000000e+000
       1825     6.92667349e-003     1.37647422e-002     0.00000000e+000     0.00000000e+000
       1826     6.92667349e-003     1.37647422e-002     0.00000000e+000     0.00000000e+000
       1827     7.33412488e-003     1.45744329e-002     0.00000000e+000     0.00000000e+000
       1828     7.33412488e-003     1.45744329e-002     0.00000000e+000     0.00000000e+000
       1829     7.33412488e-003     1.45744329e-002     0.00000000e+000     0.00000000e+000
       1830     9.77883317e-003     1.94325773e-002     0.00000000e+000     0.00000000e+000
       1831     9.37138179e-003     1.86228865e-002     0.00000000e+000     0.00000000e+000
       1832     9.37138179e-003     1.86228865e-002     0.00000000e+000     0.00000000e+000
       1833     9.77883317e-003     1.94325773e-002     0.00000000e+000     0.00000000e+000
       1834     9.77883317e-003     1.94325773e-002     0.00000000e+000     0.00000000e+000
       1835     1.01862846e-002     2.02422680e-002     0.00000000e+000     0.00000000e+000
       1836     1.18160901e-002     2.34810308e-002     0.00000000e+000     0.00000000e+000
       1837     1.18160901e-002     2.34810308e-002     0.00000000e+000     0.00000000e+000
       1838     1.22235415e-002     2.42907216e-002     0.00000000e+000     0.00000000e+000
       1839     1.26309928e-002     2.51004123e-002     0.00000000e+000     0.00000000e+000
       1840     1.34458956e-002     2.67197937e-002     0.00000000e+000     0.00000000e+000
       1841     1.38533470e-002     2.75294844e-002     0.00000000e+000     0.00000000e+000
       1842     1.46682498e-002     2.91488659e-002     0.00000000e+000     0.00000000e+000
       1843     1.50757011e-002     2.99585566e-002     0.00000000e+000     0.00000000e+000
       1844     1.58906039e-002     3.15779380e-002     0.00000000e+000     0.00000000e+000
       1845     1.75204094e-002     3.48167009e-002     0.00000000e+000     0.00000000e+000
       1846     1.75204094e-002     3.48167009e-002     0.00000000e+000     0.00000000e+000
       1847     1.87427636e-002     3.72457731e-002     0.00000000e+000     0.00000000e+000
       1848     1.91502150e-002     3.80554638e-002     0.00000000e+000     0.00000000e+000
       1849     2.03725691e-002     4.04845359e-002     0.00000000e+000     0.00000000e+000
       1850     2.20023746e-002     4.37232988e-002     0.00000000e+000     0.00000000e+000
       1851     2.20023746e-002     4.37232988e-002     0.00000000e+000     0.00000000e+000
       1852     2.32247288e-002     4.61523710e-002     0.00000000e+000     0.00000000e+000
       1853     2.40396315e-002     4.77717524e-002     0.00000000e+000     0.00000000e+000
       1854     2.81141454e-002     5.58686596e-002     0.00000000e+000     0.00000000e+000
       1855     2.89290481e-002     5.74880410e-002     0.00000000e+000     0.00000000e+000
       1856     3.09663050e-002     6.15364946e-002     0.00000000e+000     0.00000000e+000
       1857     3.13737564e-002     6.23461854e-002     0.00000000e+000     0.00000000e+000
       1858     3.17812078e-002     6.31558761e-002     0.00000000e+000     0.00000000e+000
       1859     3.38184647e-002     6.72043297e-002     0.00000000e+000     0.00000000e+000
       1860     3.70468552e-002     7.36198137e-002     4.43396193e-003     6.08345174e-003
       1861     3.86511978e-002     7.68079764e-002     8.05022779e-003     1.10450141e-002
       1862     3.94831169e-002     7.84611729e-002     5.63355559e-003     7.72930938e-003
       1863     4.23301638e-002     8.41188478e-002     6.35967526e-003     8.72555473e-003
       1864     4.56045761e-002     9.06257866e-002     4.25759570e-003     5.84147504e-003
       1865     4.84394629e-002     9.62592968e-002     6.71070589e-003     9.20717319e-003
       1866     4.96314850e-002     9.86280928e-002     1.10184853e-002     1.51175009e-002
       1867     5.28695748e-002     1.05062852e-001     1.40749366e-002     1.93109907e-002
       1868     5.49238032e-002     1.09145031e-001     1.16646372e-002     1.60040295e-002
       1869     5.77869096e-002     1.14834619e-001     1.01099839e-002     1.38710255e-002
       1870     5.98277716e-002     1.18890237e-001     9.59797503e-003     1.31685429e-002
       1871     6.34846697e-002     1.26157255e-001     1.10415285e-002     1.51491164e-002
       1872     7.04095117e-002     1.39918357e-001     1.13016402e-002     1.55059930e-002
       1873     7.48732207e-002     1.48788677e-001     1.38943923e-002     1.90632816e-002
       1874     7.07952240e-002     1.40684848e-001     1.43890433e-002     1.97419490e-002
       1875     7.65070035e-002     1.52035343e-001     1.33295388e-002     1.82882954e-002
       1876     7.71497080e-002     1.53183597e-001     1.02290273e-002     1.39970863e-002
       1877     7.78459814e-002     1.54451175e-001     8.88106424e-003     1.21206171e-002
       1878     7.81748592e-002     1.55001040e-001     8.93449045e-003     1.21617756e-002
       1879     8.32755533e-002     1.65016523e-001     1.11359298e-002     1.51193128e-002
       1880     9.30913980e-002     1.84368759e-001     1.39643495e-002     1.89110385e-002
       1881     9.55105185e-002     1.89068306e-001     1.07279471e-002     1.44914208e-002
       1882     1.00226524e-001     1.98316510e-001     1.08734057e-002     1.46510935e-002
       1883     1.06096096e-001     2.09846029e-001     1.16262062e-002     1.56265404e-002
       1884     1.06907310e-001     2.11372428e-001     1.16046195e-002     1.55591627e-002
       1885     1.07338692e-001     2.12153177e-001     1.19295692e-002     1.59558723e-002
       1886     1.08606893e-001     2.14592334e-001     1.11993814e-002     1.49430805e-002
       1887     1.13628687e-001     2.24449371e-001     1.37377871e-002     1.82861760e-002
       1888     1.25686592e-001     2.48200073e-001     1.40098285e-002     1.86040930e-002
       1889     1.25344917e-001     2.47462997e-001     1.49449376e-002     1.97992521e-002
       1890     1.36257521e-001     2.68943997e-001     1.41955173e-002     1.87626508e-002
       1891     1.44592497e-001     2.85332670e-001     1.36851812e-002     1.80464168e-002
       1892     1.51960414e-001     2.99810280e-001     1.34620256e-002     1.77115814e-002
       1893     1.58588591e-001     3.12826619e-001     1.34531709e-002     1.76598496e-002
       1894     1.64702318e-001     3.24826988e-001     1.35988311e-002     1.78109927e-002
       1895     1.70525157e-001     3.36252865e-001     1.38493511e-002     1.80987613e-002
       1896     1.76279198e-001     3.47542463e-001     1.41630143e-002     1.84678593e-002
       1897     1.82185261e-001     3.59131186e-001     1.45043958e-002     1.88716721e-002
       1898     1.88463070e-001     3.71452014e-001     1.48431088e-002     1.92705367e-002
       1899     1.95331403e-001     3.84935829e-001     1.51528395e-002     1.96304106e-002
       1900     2.03008213e-001     4.00011683e-001     1.54105961e-002     1.99218344e-002
       1901     2.10672146e-001     4.13170389e-001     1.56427458e-002     2.03594720e-002
       1902     2.19594931e-001     4.28760937e-001     1.59651232e-002     2.09165332e-002
       1903     2.29407488e-001     4.46036898e-001     1.63438073e-002     2.15505370e-002
       1904     2.39751468e-001     4.64287211e-001     1.67490613e-002     2.22233424e-002
       1905     2.50277559e-001     4.82830599e-001     1.71545608e-002     2.29003471e-002
       1906     2.60644105e-001     5.01011004e-001     1.75367859e-002     2.35498581e-002
       1907     2.70515964e-001     5.18193840e-001     1.78745399e-002     2.41425916e-002
       1908     2.79563572e-001     5.33762893e-001     1.81485629e-002     2.46512728e-002
       1909     2.87462157e-001     5.47117746e-001     1.83412208e-002     2.50503127e-002
       1910     2.93891085e-001     5.57671620e-001     1.84362515e-002     2.53155459e-002
       1911     2.99147686e-001     5.66012010e-001     1.84472711e-002     2.54636492e-002
       1912     3.03820058e-001     5.73266623e-001     1.84099811e-002     2.55424051e-002
       1913     3.08024799e-001     5.79662546e-001     1.83410173e-002     2.55740683e-002
       1914     3.11876471e-001     5.85420167e-001     1.82556750e-002     2.55795028e-002
       1915     3.15487849e-001     5.90753981e-001     1.81680892e-002     2.55783693e-002
       1916     3.18970130e-001     5.95873278e-001     1.80913873e-002     2.55892835e-002
       1917     3.22433110e-001     6.00982742e-001     1.80378178e-002     2.56299496e-002
       1918     3.25985347e-001     6.06282967e-001     1.80188599e-002     2.57172736e-002
       1919     3.29734290e-001     6.11970902e-001     1.80453171e-002     2.58674610e-002
       1920     3.33786405e-001     6.18240247e-001     1.81273975e-002     2.60960996e-002
       1921     3.38160988e-001     6.25122285e-001     1.82765020e-002     2.64207167e-002
       1922     3.42755688e-001     6.32423896e-001     1.84916976e-002     2.68411705e-002
       1923     3.47494482e-001     6.40002130e-001     1.87647260e-002     2.73465811e-002
       1924     3.52302166e-001     6.47716729e-001     1.90878634e-002     2.79266230e-002
       1925     3.57104272e-001     6.55429869e-001     1.94538635e-002     2.85714660e-002
       1926     3.62424984e-001     6.67973675e-001     2.00221346e-002     2.98824745e-002
       1927     3.67587883e-001     6.80206748e-001     2.06282672e-002     3.12413063e-002
       1928     3.72519509e-001     6.91990230e-001     2.12663501e-002     3.26422361e-002
       1929     3.77146497e-001     7.03183585e-001     2.19306384e-002     3.40788828e-002
       1930     3.81395578e-001     7.13644752e-001     2.26155238e-002     3.55443301e-002
       1931     3.85139665e-001     7.23129069e-001     2.33772761e-002     3.71293220e-002
       1932     3.88399969e-001     7.31668469e-001     2.42571409e-002     3.89038333e-002
       1933     3.91325563e-001     7.39537545e-001     2.52273910e-002     4.08281533e-002
       1934     3.94065307e-001     7.47014422e-001     2.62606821e-002     4.28610632e-002
       1935     3.96767867e-001     7.54380470e-001     2.73299943e-002     4.49600694e-002
       1936     3.99581728e-001     7.61920055e-001     2.84085828e-002     4.70815956e-002
       1937     4.02655211e-001     7.69920310e-001     2.94699382e-002     4.91811402e-002
       1938     4.06136482e-001     7.78670921e-001     3.04877529e-002     5.12134077e-002
       1939     4.10173567e-001     7.88463938e-001     3.14358933e-002     5.31324184e-002
       1940     4.14914359e-001     7.99593605e-001     3.22883762e-002     5.48915997e-002
       1941     4.20740327e-001     8.12807663e-001     3.30226130e-002     5.64494421e-002
       1942     4.27876522e-001     8.28557353e-001     3.36557585e-002     5.78321997e-002
       1943     4.36236217e-001     8.46691955e-001     3.42213530e-002     5.90953075e-002
       1944     4.45732822e-001     8.67058539e-001     3.47527050e-002     6.02951143e-002
       1945     4.56279868e-001     8.89502117e-001     3.52829178e-002     6.14887741e-002
       1946     4.67791001e-001     9.13865780e-001     3.58449137e-002     6.27341533e-002
       1947     4.80179976e-001     9.39990832e-001     3.64714545e-002     6.40897502e-002
       1948     4.93360645e-001     9.67716899e-001     3.71951589e-002     6.56146254e-002
       1949     5.07246959e-001     9.96882045e-001     3.80485182e-002     6.73683408e-002
       1950     5.21752952e-001     1.02732287e+000     3.90639097e-002     6.94109065e-002
       1951     5.34359052e-001     1.05383202e+000     3.91457265e-002     7.04469668e-002
       1952     5.49557871e-001     1.08541643e+000     3.98165864e-002     7.24989871e-002
       1953     5.67003818e-001     1.12141857e+000     4.09393837e-002     7.53551914e-002
       1954     5.86366109e-001     1.16120320e+000     4.23979021e-002     7.88273176e-002
       1955     6.07325989e-001     1.20415321e+000     4.40912604e-002     8.27443651e-002
       1956     6.29574560e-001     1.24966631e+000     4.59300408e-002     8.69482374e-002
       1957     6.52811061e-001     1.29715250e+000     4.78335343e-002     9.12906405e-002
       1958     6.76741497e-001     1.34603193e+000     4.97277435e-002     9.56308355e-002
       1959     7.01077537e-001     1.39573332e+000     5.15439110e-002     9.98339818e-002
       1960     7.25535617e-001     1.44569255e+000     5.32174191e-002     1.03769899e-001
       1961     7.39851385e-001     1.47628451e+000     5.48309330e-002     1.07348890e-001
       1962     7.57056715e-001     1.51262844e+000     5.65427762e-002     1.11119141e-001
       1963     7.76309984e-001     1.55306411e+000     5.83246071e-002     1.15026987e-001
       1964     7.96836057e-001     1.59605413e+000     6.01499384e-002     1.19021433e-001
       1965     8.17914049e-001     1.64016141e+000     6.19937735e-002     1.23053625e-001
       1966     8.38867693e-001     1.68403129e+000     6.38323254e-002     1.27076449e-001
       1967     8.59057690e-001     1.72637745e+000     6.56427968e-002     1.31044214e-001
       1968     8.77875577e-001     1.76597057e+000     6.74032063e-002     1.34912404e-001
       1969     8.94738782e-001     1.80162914e+000     6.90922508e-002     1.38637475e-001
       1970     9.09086599e-001     1.83221211e+000     7.06891937e-002     1.42176702e-001
       1971     9.38444276e-001     1.88120838e+000     7.24314649e-002     1.45010920e-001
       1972     9.67164316e-001     1.92886359e+000     7.41623969e-002     1.47819561e-001
       1973     9.95202993e-001     1.97511504e+000     7.58720017e-002     1.50583276e-001
       1974     1.02251718e+000     2.01990032e+000     7.75504465e-002     1.53283311e-001
       1975     1.04906427e+000     2.06315731e+000     7.91880346e-002     1.55901430e-001
       1976     1.07480216e+000     2.10482416e+000     8.07751900e-002     1.58419861e-001
       1977     1.09968919e+000     2.14483924e+000     8.23024428e-002     1.60821235e-001
       1978     1.12368409e+000     2.18314115e+000     8.37604177e-002     1.63088547e-001
       1979     1.14674597e+000     2.21966868e+000     8.51398235e-002     1.65205111e-001
       1980     1.16883426e+000     2.25436080e+000     8.64314437e-002     1.67154528e-001
       1981     1.19159121e+000     2.29238416e+000     8.93016736e-002     1.70770189e-001
       1982     1.21526566e+000     2.33213495e+000     9.21843037e-002     1.74399337e-001
       1983     1.23924340e+000     2.37242618e+000     9.50562944e-002     1.77998944e-001
       1984     1.26289766e+000     2.41205857e+000     9.78933964e-002     1.81525408e-001
       1985     1.28558980e+000     2.44982119e+000     1.00670235e-001     1.84934593e-001
       1986     1.30666992e+000     2.48449211e+000     1.03360390e-001     1.88181868e-001
       1987     1.32547744e+000     2.51483894e+000     1.05936464e-001     1.91222135e-001
       1988     1.34134165e+000     2.53961938e+000     1.08370150e-001     1.94009868e-001
       1989     1.35358226e+000     2.55758174e+000     1.10632292e-001     1.96499137e-001
       1990     1.36150983e+000     2.56746539e+000     1.12692940e-001     1.98643633e-001
       1991     1.35166521e+000     2.54890091e+000     1.13357234e-001     1.99814583e-001
       1992     1.32745033e+000     2.50323774e+000     1.13842269e-001     2.00669553e-001
       1993     1.29684367e+000     2.44552126e+000     1.14288130e-001     2.01455472e-001
       1994     1.26782367e+000     2.39079683e+000     1.14834906e-001     2.02419272e-001
       1995     1.24836880e+000     2.35410985e+000     1.15622682e-001     2.03807884e-001
       1996     1.23658083e+000     2.33188069e+000     1.17003010e-001     2.06240985e-001
       1997     1.22578488e+000     2.31152225e+000     1.19133606e-001     2.09996583e-001
       1998     1.21679449e+000     2.29456862e+000     1.21863806e-001     2.14809100e-001
       1999     1.21042319e+000     2.28255395e+000     1.25042944e-001     2.20412962e-001
       2000     1.20748451e+000     2.27701235e+000     1.28520357e-001     2.26542590e-001
