
__MAGICC 5.X DATA FILE__ 

Data: Radiative Forcing 
Gas: BCI 
Unit:  Watt per square meter (W/m2) 
Description: BCI - Radiative Forcing of year 2000 (as provided on http://data.giss.nasa.gov/efficacy/) for four MAGICC boxes; scaled over time with optical thickness of file giss_bci_ot 
Source: Original-GISS-Description:  NET RADIA. AT   0 MB (W/M+2) ANN  E2BCIx2a-E2AarM20A (yr 2000 BCI*2 - adj.frc)   
Compiled by: Malte Meinshausen, Lauder NZ, NCAR/PIK, malte.meinshausen@gmail.com 
Date: 18-Jul-2006 11:05:18  

&THISFILE_SPECIFICATIONS 
 THISFILE_DATACOLUMNS    =    4  ,
 THISFILE_FIRSTYEAR      = 1751  ,
 THISFILE_LASTYEAR       = 2002  ,
 THISFILE_ANNUALSTEPS    =    1  ,
 THISFILE_FIRSTDATAROW   =   21  ,
/  

       YEARS    FORC-NO             FORC-NL           FORC-SO          FORC-SL
       1751     0.00000000e+000     0.00000000e+000     0.00000000e+000     0.00000000e+000 
       1752     0.00000000e+000     0.00000000e+000     0.00000000e+000     0.00000000e+000 
       1753     0.00000000e+000     0.00000000e+000     0.00000000e+000     0.00000000e+000 
       1754     0.00000000e+000     0.00000000e+000     0.00000000e+000     0.00000000e+000 
       1755     0.00000000e+000     0.00000000e+000     0.00000000e+000     0.00000000e+000 
       1756     0.00000000e+000     0.00000000e+000     0.00000000e+000     0.00000000e+000 
       1757     0.00000000e+000     0.00000000e+000     0.00000000e+000     0.00000000e+000 
       1758     0.00000000e+000     0.00000000e+000     0.00000000e+000     0.00000000e+000 
       1759     0.00000000e+000     0.00000000e+000     0.00000000e+000     0.00000000e+000 
       1760     0.00000000e+000     0.00000000e+000     0.00000000e+000     0.00000000e+000 
       1761     0.00000000e+000     0.00000000e+000     0.00000000e+000     0.00000000e+000 
       1762     0.00000000e+000     0.00000000e+000     0.00000000e+000     0.00000000e+000 
       1763     0.00000000e+000     0.00000000e+000     0.00000000e+000     0.00000000e+000 
       1764     0.00000000e+000     0.00000000e+000     0.00000000e+000     0.00000000e+000 
       1765     0.00000000e+000     0.00000000e+000     0.00000000e+000     0.00000000e+000 
       1766     0.00000000e+000     0.00000000e+000     0.00000000e+000     0.00000000e+000 
       1767     0.00000000e+000     0.00000000e+000     0.00000000e+000     0.00000000e+000 
       1768     0.00000000e+000     0.00000000e+000     0.00000000e+000     0.00000000e+000 
       1769     0.00000000e+000     0.00000000e+000     0.00000000e+000     0.00000000e+000 
       1770     0.00000000e+000     0.00000000e+000     0.00000000e+000     0.00000000e+000 
       1771     8.86356165e-004     1.79887911e-003     0.00000000e+000     0.00000000e+000 
       1772     8.86356165e-004     1.79887911e-003     0.00000000e+000     0.00000000e+000 
       1773     8.86356165e-004     1.79887911e-003     0.00000000e+000     0.00000000e+000 
       1774     8.86356165e-004     1.79887911e-003     0.00000000e+000     0.00000000e+000 
       1775     8.86356165e-004     1.79887911e-003     0.00000000e+000     0.00000000e+000 
       1776     8.86356165e-004     1.79887911e-003     0.00000000e+000     0.00000000e+000 
       1777     8.86356165e-004     1.79887911e-003     0.00000000e+000     0.00000000e+000 
       1778     8.86356165e-004     1.79887911e-003     0.00000000e+000     0.00000000e+000 
       1779     8.86356165e-004     1.79887911e-003     0.00000000e+000     0.00000000e+000 
       1780     8.86356165e-004     1.79887911e-003     0.00000000e+000     0.00000000e+000 
       1781     1.77271233e-003     3.59775823e-003     0.00000000e+000     0.00000000e+000 
       1782     1.77271233e-003     3.59775823e-003     0.00000000e+000     0.00000000e+000 
       1783     1.77271233e-003     3.59775823e-003     0.00000000e+000     0.00000000e+000 
       1784     1.77271233e-003     3.59775823e-003     0.00000000e+000     0.00000000e+000 
       1785     1.77271233e-003     3.59775823e-003     0.00000000e+000     0.00000000e+000 
       1786     1.77271233e-003     3.59775823e-003     0.00000000e+000     0.00000000e+000 
       1787     1.77271233e-003     3.59775823e-003     0.00000000e+000     0.00000000e+000 
       1788     1.77271233e-003     3.59775823e-003     0.00000000e+000     0.00000000e+000 
       1789     1.77271233e-003     3.59775823e-003     0.00000000e+000     0.00000000e+000 
       1790     1.77271233e-003     3.59775823e-003     0.00000000e+000     0.00000000e+000 
       1791     2.65906849e-003     5.39663734e-003     0.00000000e+000     0.00000000e+000 
       1792     2.65906849e-003     5.39663734e-003     0.00000000e+000     0.00000000e+000 
       1793     2.65906849e-003     5.39663734e-003     0.00000000e+000     0.00000000e+000 
       1794     2.65906849e-003     5.39663734e-003     0.00000000e+000     0.00000000e+000 
       1795     2.65906849e-003     5.39663734e-003     0.00000000e+000     0.00000000e+000 
       1796     2.65906849e-003     5.39663734e-003     0.00000000e+000     0.00000000e+000 
       1797     3.54542466e-003     7.19551645e-003     0.00000000e+000     0.00000000e+000 
       1798     3.54542466e-003     7.19551645e-003     0.00000000e+000     0.00000000e+000 
       1799     3.54542466e-003     7.19551645e-003     0.00000000e+000     0.00000000e+000 
       1800     4.43178082e-003     8.99439557e-003     0.00000000e+000     0.00000000e+000 
       1801     4.43178082e-003     8.99439557e-003     0.00000000e+000     0.00000000e+000 
       1802     6.20449315e-003     1.25921538e-002     0.00000000e+000     0.00000000e+000 
       1803     5.31813699e-003     1.07932747e-002     0.00000000e+000     0.00000000e+000 
       1804     5.31813699e-003     1.07932747e-002     0.00000000e+000     0.00000000e+000 
       1805     5.31813699e-003     1.07932747e-002     0.00000000e+000     0.00000000e+000 
       1806     6.20449315e-003     1.25921538e-002     0.00000000e+000     0.00000000e+000 
       1807     6.20449315e-003     1.25921538e-002     0.00000000e+000     0.00000000e+000 
       1808     6.20449315e-003     1.25921538e-002     0.00000000e+000     0.00000000e+000 
       1809     6.20449315e-003     1.25921538e-002     0.00000000e+000     0.00000000e+000 
       1810     6.20449315e-003     1.25921538e-002     0.00000000e+000     0.00000000e+000 
       1811     7.09084932e-003     1.43910329e-002     0.00000000e+000     0.00000000e+000 
       1812     7.09084932e-003     1.43910329e-002     0.00000000e+000     0.00000000e+000 
       1813     7.09084932e-003     1.43910329e-002     0.00000000e+000     0.00000000e+000 
       1814     7.09084932e-003     1.43910329e-002     0.00000000e+000     0.00000000e+000 
       1815     7.97720548e-003     1.61899120e-002     0.00000000e+000     0.00000000e+000 
       1816     8.86356165e-003     1.79887911e-002     0.00000000e+000     0.00000000e+000 
       1817     9.74991781e-003     1.97876702e-002     0.00000000e+000     0.00000000e+000 
       1818     9.74991781e-003     1.97876702e-002     0.00000000e+000     0.00000000e+000 
       1819     9.74991781e-003     1.97876702e-002     0.00000000e+000     0.00000000e+000 
       1820     9.74991781e-003     1.97876702e-002     0.00000000e+000     0.00000000e+000 
       1821     9.74991781e-003     1.97876702e-002     0.00000000e+000     0.00000000e+000 
       1822     1.06362740e-002     2.15865494e-002     0.00000000e+000     0.00000000e+000 
       1823     1.15226301e-002     2.33854285e-002     0.00000000e+000     0.00000000e+000 
       1824     1.15226301e-002     2.33854285e-002     0.00000000e+000     0.00000000e+000 
       1825     1.24089863e-002     2.51843076e-002     0.00000000e+000     0.00000000e+000 
       1826     1.24089863e-002     2.51843076e-002     0.00000000e+000     0.00000000e+000 
       1827     1.32953425e-002     2.69831867e-002     0.00000000e+000     0.00000000e+000 
       1828     1.32953425e-002     2.69831867e-002     0.00000000e+000     0.00000000e+000 
       1829     1.32953425e-002     2.69831867e-002     0.00000000e+000     0.00000000e+000 
       1830     1.86134795e-002     3.77764614e-002     0.00000000e+000     0.00000000e+000 
       1831     1.77271233e-002     3.59775823e-002     0.00000000e+000     0.00000000e+000 
       1832     1.77271233e-002     3.59775823e-002     0.00000000e+000     0.00000000e+000 
       1833     1.86134795e-002     3.77764614e-002     0.00000000e+000     0.00000000e+000 
       1834     1.86134795e-002     3.77764614e-002     0.00000000e+000     0.00000000e+000 
       1835     1.94998356e-002     3.95753405e-002     0.00000000e+000     0.00000000e+000 
       1836     2.30452603e-002     4.67708569e-002     0.00000000e+000     0.00000000e+000 
       1837     2.30452603e-002     4.67708569e-002     0.00000000e+000     0.00000000e+000 
       1838     2.39316165e-002     4.85697361e-002     0.00000000e+000     0.00000000e+000 
       1839     2.48179726e-002     5.03686152e-002     0.00000000e+000     0.00000000e+000 
       1840     2.65906849e-002     5.39663734e-002     0.00000000e+000     0.00000000e+000 
       1841     2.74770411e-002     5.57652525e-002     0.00000000e+000     0.00000000e+000 
       1842     2.92497534e-002     5.93630107e-002     0.00000000e+000     0.00000000e+000 
       1843     3.01361096e-002     6.11618899e-002     0.00000000e+000     0.00000000e+000 
       1844     3.19088219e-002     6.47596481e-002     0.00000000e+000     0.00000000e+000 
       1845     3.54542466e-002     7.19551645e-002     0.00000000e+000     0.00000000e+000 
       1846     3.54542466e-002     7.19551645e-002     0.00000000e+000     0.00000000e+000 
       1847     3.81133151e-002     7.73518019e-002     0.00000000e+000     0.00000000e+000 
       1848     3.89996713e-002     7.91506810e-002     0.00000000e+000     0.00000000e+000 
       1849     4.16587397e-002     8.45473183e-002     0.00000000e+000     0.00000000e+000 
       1850     4.52041644e-002     9.17428348e-002     0.00000000e+000     0.00000000e+000 
       1851     4.52041644e-002     9.17428348e-002     0.00000000e+000     0.00000000e+000 
       1852     4.78632329e-002     9.71394721e-002     0.00000000e+000     0.00000000e+000 
       1853     4.96359452e-002     1.00737230e-001     0.00000000e+000     0.00000000e+000 
       1854     5.84995069e-002     1.18726021e-001     0.00000000e+000     0.00000000e+000 
       1855     6.02722192e-002     1.22323780e-001     0.00000000e+000     0.00000000e+000 
       1856     6.47040000e-002     1.31318175e-001     0.00000000e+000     0.00000000e+000 
       1857     6.55903562e-002     1.33117054e-001     0.00000000e+000     0.00000000e+000 
       1858     6.64767124e-002     1.34915934e-001     0.00000000e+000     0.00000000e+000 
       1859     7.09084932e-002     1.43910329e-001     0.00000000e+000     0.00000000e+000 
       1860     7.79314264e-002     1.58163525e-001     2.63155964e-002     4.20881341e-002 
       1861     8.14214598e-002     1.65246623e-001     4.77781606e-002     7.64145186e-002 
       1862     8.32311889e-002     1.68919508e-001     3.34351935e-002     5.34749388e-002 
       1863     8.94245599e-002     1.81489089e-001     3.77447190e-002     6.03674251e-002 
       1864     9.65476073e-002     1.95945469e-001     2.52688615e-002     4.04140273e-002 
       1865     1.02714526e-001     2.08461364e-001     3.98280884e-002     6.36994845e-002 
       1866     1.05307611e-001     2.13724086e-001     6.53947906e-002     1.04589867e-001 
       1867     1.12351644e-001     2.28020104e-001     8.35348512e-002     1.33602369e-001 
       1868     1.16820344e-001     2.37089428e-001     6.92297068e-002     1.10723281e-001 
       1869     1.23048650e-001     2.49729911e-001     6.00028279e-002     9.59661727e-002 
       1870     1.27488273e-001     2.58740223e-001     5.69640518e-002     9.11060732e-002 
       1871     1.35443367e-001     2.74885260e-001     6.55315519e-002     1.04808597e-001 
       1872     1.50507438e-001     3.05458119e-001     6.70753169e-002     1.07277635e-001 
       1873     1.60217642e-001     3.25165189e-001     8.24633194e-002     1.31888603e-001 
       1874     1.51346504e-001     3.07161021e-001     8.53990767e-002     1.36583938e-001 
       1875     1.63771719e-001     3.32378265e-001     7.91109097e-002     1.26526890e-001 
       1876     1.66387208e-001     3.37902557e-001     4.57053119e-002     7.32815746e-002 
       1877     1.70815438e-001     3.47092782e-001     3.55373030e-002     5.71239618e-002 
       1878     1.76417473e-001     3.58658285e-001     3.40859714e-002     5.49338664e-002 
       1879     1.79505919e-001     3.65104233e-001     3.84997513e-002     6.22126647e-002 
       1880     1.84941234e-001     3.76314989e-001     4.27122100e-002     6.92079455e-002 
       1881     1.89055931e-001     3.84832247e-001     3.16034806e-002     5.13510637e-002 
       1882     1.93274140e-001     3.93553718e-001     3.02935400e-002     4.93632487e-002 
       1883     1.99293825e-001     4.05938807e-001     3.07101267e-002     5.01884848e-002 
       1884     2.06982746e-001     4.21721916e-001     3.08049254e-002     5.04942673e-002 
       1885     2.12525698e-001     4.33131016e-001     3.16200760e-002     5.19895505e-002 
       1886     2.21142876e-001     4.50803879e-001     2.98274983e-002     4.91965004e-002 
       1887     2.30614947e-001     4.70220134e-001     3.56531093e-002     5.89947354e-002 
       1888     2.38653000e-001     4.86713056e-001     3.32721341e-002     5.52370556e-002 
       1889     2.52995520e-001     5.16065085e-001     3.69031383e-002     6.14729580e-002 
       1890     2.61633958e-001     5.33784865e-001     3.26307654e-002     5.45453089e-002 
       1891     2.67488447e-001     5.45824272e-001     3.03309656e-002     5.08821709e-002 
       1892     2.73285707e-001     5.57745144e-001     3.27922078e-002     5.52129355e-002 
       1893     2.83110875e-001     5.77885714e-001     3.86604357e-002     6.53387685e-002 
       1894     2.93242970e-001     5.98653735e-001     4.26260486e-002     7.23199860e-002 
       1895     3.01346004e-001     6.15280081e-001     4.68709013e-002     7.98385345e-002 
       1896     3.24559655e-001     6.62761089e-001     5.00042852e-002     8.55246716e-002 
       1897     3.51330794e-001     7.17514550e-001     5.29662931e-002     9.09724281e-002 
       1898     3.79992433e-001     7.76137748e-001     6.01870551e-002     1.03822778e-001 
       1899     3.99232058e-001     8.15523884e-001     5.52499747e-002     9.57319033e-002 
       1900     4.20773960e-001     8.59617320e-001     5.51424640e-002     9.59851594e-002 
       1901     4.31274966e-001     8.78813387e-001     6.71232956e-002     1.17215838e-001 
       1902     4.31223541e-001     8.76506975e-001     6.64553516e-002     1.16415161e-001 
       1903     4.33337282e-001     8.78643428e-001     6.40201153e-002     1.12495441e-001 
       1904     4.45339957e-001     9.00813063e-001     6.53894029e-002     1.15249195e-001 
       1905     4.51899563e-001     9.11933609e-001     6.40435166e-002     1.13211809e-001 
       1906     4.69897636e-001     9.46072828e-001     7.15271296e-002     1.26808431e-001 
       1907     4.81294750e-001     9.66836182e-001     6.61289528e-002     1.17572361e-001 
       1908     5.18064390e-001     1.03840656e+000     7.52316608e-002     1.34130242e-001 
       1909     5.25315850e-001     1.05066433e+000     6.88293528e-002     1.23052117e-001 
       1910     5.29011523e-001     1.05581275e+000     7.52885640e-002     1.34961939e-001 
       1911     5.43130289e-001     1.08174027e+000     7.68617104e-002     1.38145713e-001 
       1912     5.61241030e-001     1.11553605e+000     7.63480522e-002     1.37578062e-001 
       1913     5.63199891e-001     1.11719215e+000     7.22022818e-002     1.30438376e-001 
       1914     5.57103220e-001     1.10292993e+000     7.48007557e-002     1.35470154e-001 
       1915     5.44371673e-001     1.07564753e+000     6.66918171e-002     1.21080402e-001 
       1916     5.38624559e-001     1.06228002e+000     5.96706852e-002     1.08594294e-001 
       1917     5.39270422e-001     1.06158245e+000     5.61279055e-002     1.02388461e-001 
       1918     5.25704470e-001     1.03298960e+000     5.47039409e-002     1.00022799e-001 
       1919     5.25032176e-001     1.02982474e+000     6.30488878e-002     1.15544295e-001 
       1920     5.41208624e-001     1.05969696e+000     6.26098011e-002     1.14997136e-001 
       1921     5.76764970e-001     1.12738376e+000     7.24337614e-002     1.33334562e-001 
       1922     5.68835817e-001     1.11000029e+000     6.48649354e-002     1.19660962e-001 
       1923     5.30546096e-001     1.03354740e+000     5.80725554e-002     1.07358997e-001 
       1924     5.45298637e-001     1.06055634e+000     6.54081628e-002     1.21173897e-001 
       1925     5.50870405e-001     1.06967433e+000     6.73057213e-002     1.24946390e-001 
       1926     5.55134698e-001     1.08334592e+000     7.01965669e-002     1.28301364e-001 
       1927     5.54666080e-001     1.08781254e+000     6.89713789e-002     1.24169585e-001 
       1928     5.48992561e-001     1.08200672e+000     6.86258662e-002     1.21742980e-001 
       1929     5.44670614e-001     1.07876511e+000     6.51369550e-002     1.13910639e-001 
       1930     5.41975212e-001     1.07867421e+000     6.60842881e-002     1.13967073e-001 
       1931     5.47034116e-001     1.09403715e+000     6.66430295e-002     1.13380119e-001 
       1932     5.50670360e-001     1.10663482e+000     6.89214512e-002     1.15714483e-001 
       1933     5.50326407e-001     1.11126157e+000     7.54320267e-002     1.25021355e-001 
       1934     5.49938534e-001     1.11578904e+000     7.46957094e-002     1.22252400e-001 
       1935     5.53893992e-001     1.12915957e+000     7.70333669e-002     1.24539368e-001 
       1936     5.57000085e-001     1.14086287e+000     7.61303342e-002     1.21612753e-001 
       1937     5.79947839e-001     1.19345096e+000     8.24753348e-002     1.30215223e-001 
       1938     6.33179350e-001     1.30908141e+000     9.83401395e-002     1.53498042e-001 
       1939     6.29951920e-001     1.30846871e+000     9.97723352e-002     1.54003356e-001 
       1940     6.26169004e-001     1.30663116e+000     9.38768338e-002     1.43329649e-001 
       1941     6.15645356e-001     1.29058841e+000     1.01939140e-001     1.53986168e-001 
       1942     6.16116032e-001     1.29749000e+000     9.71219844e-002     1.45185513e-001 
       1943     6.21519151e-001     1.31482946e+000     1.00577822e-001     1.48823404e-001 
       1944     6.09203433e-001     1.29462113e+000     1.00704543e-001     1.47528608e-001 
       1945     5.63287299e-001     1.20246283e+000     1.03626521e-001     1.50330796e-001 
       1946     5.69263369e-001     1.22066975e+000     9.56006297e-002     1.37365050e-001 
       1947     5.62003321e-001     1.21048573e+000     9.12593476e-002     1.29902347e-001 
       1948     5.43662520e-001     1.17619426e+000     8.55393884e-002     1.20645966e-001 
       1949     5.53826200e-001     1.20347124e+000     9.47799295e-002     1.32479992e-001 
       1950     5.55508886e-001     1.21243392e+000     1.04664989e-001     1.45010771e-001 
       1951     5.63776211e-001     1.22612865e+000     1.01201227e-001     1.42043280e-001 
       1952     5.49361500e-001     1.19078932e+000     1.00451096e-001     1.42865863e-001 
       1953     5.34109505e-001     1.15405922e+000     8.97563217e-002     1.29384980e-001 
       1954     5.28915801e-001     1.13938631e+000     9.04146005e-002     1.32133238e-001 
       1955     5.55819023e-001     1.19388003e+000     9.11874075e-002     1.35137671e-001 
       1956     5.69453328e-001     1.21980526e+000     8.83246721e-002     1.32772729e-001 
       1957     5.76589643e-001     1.23185754e+000     8.50268885e-002     1.29684995e-001 
       1958     6.14624642e-001     1.30981920e+000     8.59825147e-002     1.33099304e-001 
       1959     6.69657722e-001     1.42366844e+000     8.73399958e-002     1.37259093e-001 
       1960     7.18340358e-001     1.52365872e+000     8.86042007e-002     1.41409787e-001 
       1961     6.57095018e-001     1.39478192e+000     8.54648528e-002     1.35858376e-001 
       1962     6.53321964e-001     1.38772200e+000     8.60123136e-002     1.36225829e-001 
       1963     6.65563937e-001     1.41463366e+000     8.40648722e-002     1.32686340e-001 
       1964     6.85638440e-001     1.45818488e+000     8.90780000e-002     1.40151023e-001 
       1965     7.16962890e-001     1.52567663e+000     9.56876704e-002     1.50102270e-001 
       1966     7.44035834e-001     1.58414882e+000     9.79148246e-002     1.53167900e-001 
       1967     7.38962953e-001     1.57417332e+000     9.85553542e-002     1.53766761e-001 
       1968     7.65166401e-001     1.63079577e+000     1.03625874e-001     1.61280384e-001 
       1969     8.18634824e-001     1.74556227e+000     1.11617261e-001     1.73315745e-001 
       1970     9.29855831e-001     1.98357793e+000     1.25391963e-001     1.94279333e-001 
       1971     9.93556115e-001     2.12968140e+000     1.34920834e-001     2.16558219e-001 
       1972     9.88927889e-001     2.12979033e+000     1.31342981e-001     2.18074993e-001 
       1973     1.01103801e+000     2.18749155e+000     1.30751604e-001     2.24264524e-001 
       1974     1.00083341e+000     2.17525122e+000     1.30914396e-001     2.31669267e-001 
       1975     9.85480222e-001     2.15142316e+000     1.28964449e-001     2.35184591e-001 
       1976     9.83776456e-001     2.15707780e+000     1.27353251e-001     2.39073190e-001 
       1977     9.88097829e-001     2.17582295e+000     1.28571869e-001     2.48200969e-001 
       1978     1.02049767e+000     2.25658437e+000     1.30057685e-001     2.57936400e-001 
       1979     1.07745469e+000     2.39231143e+000     1.37910690e-001     2.80738071e-001 
       1980     1.00450323e+000     2.23937826e+000     1.30253450e-001     2.71925598e-001 
       1981     1.01307317e+000     2.24493768e+000     1.34872051e-001     2.79498482e-001 
       1982     1.02415494e+000     2.25683969e+000     1.37188265e-001     2.82331550e-001 
       1983     1.04834510e+000     2.29813447e+000     1.36400628e-001     2.78879054e-001 
       1984     1.11473303e+000     2.43178225e+000     1.43350297e-001     2.91281524e-001 
       1985     1.18591915e+000     2.57529561e+000     1.47574064e-001     2.98115190e-001 
       1986     1.24235432e+000     2.68633082e+000     1.55362789e-001     3.12114726e-001 
       1987     1.27597761e+000     2.74796860e+000     1.58956983e-001     3.17660500e-001 
       1988     1.33639041e+000     2.86719692e+000     1.62518810e-001     3.23159935e-001 
       1989     1.38358435e+000     2.95786933e+000     1.67066751e-001     3.30628100e-001 
       1990     1.41840307e+000     3.02209402e+000     1.75903702e-001     3.46544175e-001 
       1991     1.37164111e+000     2.92247037e+000     1.67613623e-001     3.30212066e-001 
       1992     1.28993224e+000     2.74839435e+000     1.66241459e-001     3.27508795e-001 
       1993     1.24420711e+000     2.65097960e+000     1.65264364e-001     3.25583841e-001 
       1994     1.20442131e+000     2.56621826e+000     1.64342441e-001     3.23767579e-001 
       1995     1.24849085e+000     2.66010587e+000     1.71705030e-001     3.38272460e-001 
       1996     1.27731544e+000     2.72151497e+000     1.87641093e-001     3.69667762e-001 
       1997     1.22200330e+000     2.60367566e+000     1.81844479e-001     3.58247975e-001 
       1998     1.18093885e+000     2.51619024e+000     1.75311775e-001     3.45378033e-001 
       1999     1.17763246e+000     2.50914616e+000     1.82050853e-001     3.58654548e-001 
       2000     1.17861176e+000     2.51123251e+000     1.80054846e-001     3.54722257e-001 
       2001     1.20775046e+000     2.57331081e+000     1.87026122e-001     3.68456222e-001 
       2002     1.23100143e+000     2.62284565e+000     1.92414954e-001     3.79072645e-001 
