
__MAGICC 5.X DATA FILE__

Data: Optical Thickness
Gas: Sulphate Aerosol Industrial
Unit:  Normalized to 1 in year 2000
Description: GISS optical depth of time-independent species; scaled over time with emissions;
Source: http://data.giss.nasa.gov/
Compiled by: Malte Meinshausen, Lauder NZ, NCAR/PIK, malte.meinshausen@gmail.com
Date: 18-Jul-2006 11:02:43

&THISFILE_SPECIFICATIONS
 THISFILE_DATACOLUMNS    =    4  ,
 THISFILE_FIRSTYEAR      = 1765  ,
 THISFILE_LASTYEAR       = 2000  ,
 THISFILE_ANNUALSTEPS    =    1  ,
 THISFILE_FIRSTDATAROW   =   21  ,
/

       YEARS    OT-NO               OT-NL               OT-SO               OT-SL
       1765     1.08942812e-001     2.69790656e-001     6.09009259e-003     2.17474056e-002
       1766     1.12742794e-001     2.79201094e-001     6.09036433e-003     2.17483760e-002
       1767     1.16453369e-001     2.88390121e-001     6.09120675e-003     2.17513842e-002
       1768     1.20075601e-001     2.97360372e-001     6.09266064e-003     2.17565760e-002
       1769     1.23610555e-001     3.06114483e-001     6.09476681e-003     2.17640970e-002
       1770     1.27059294e-001     3.14655090e-001     6.09756605e-003     2.17740930e-002
       1771     1.30422884e-001     3.22984829e-001     6.10109917e-003     2.17867096e-002
       1772     1.33702389e-001     3.31106335e-001     6.10540696e-003     2.18020925e-002
       1773     1.36898872e-001     3.39022244e-001     6.11053021e-003     2.18203873e-002
       1774     1.40013400e-001     3.46735192e-001     6.11650974e-003     2.18417399e-002
       1775     1.43047034e-001     3.54247816e-001     6.12338633e-003     2.18662959e-002
       1776     1.46000841e-001     3.61562751e-001     6.13120079e-003     2.18942009e-002
       1777     1.48875885e-001     3.68682632e-001     6.13999391e-003     2.19256007e-002
       1778     1.51673230e-001     3.75610096e-001     6.14980649e-003     2.19606409e-002
       1779     1.54393939e-001     3.82347779e-001     6.16067933e-003     2.19994672e-002
       1780     1.57039079e-001     3.88898316e-001     6.17265323e-003     2.20422254e-002
       1781     1.59609712e-001     3.95264343e-001     6.18576899e-003     2.20890611e-002
       1782     1.62106904e-001     4.01448496e-001     6.20006741e-003     2.21401200e-002
       1783     1.64531719e-001     4.07453411e-001     6.21558928e-003     2.21955478e-002
       1784     1.66885221e-001     4.13281724e-001     6.23237541e-003     2.22554902e-002
       1785     1.69168474e-001     4.18936070e-001     6.25046659e-003     2.23200929e-002
       1786     1.71382543e-001     4.24419086e-001     6.26990362e-003     2.23895015e-002
       1787     1.73528493e-001     4.29733407e-001     6.29072730e-003     2.24638618e-002
       1788     1.75607387e-001     4.34881670e-001     6.31297842e-003     2.25433194e-002
       1789     1.77620290e-001     4.39866509e-001     6.33669779e-003     2.26280201e-002
       1790     1.79568266e-001     4.44690562e-001     6.36192621e-003     2.27181094e-002
       1791     1.81452380e-001     4.49356463e-001     6.38870447e-003     2.28137332e-002
       1792     1.83273697e-001     4.53866849e-001     6.41707338e-003     2.29150371e-002
       1793     1.85033279e-001     4.58224355e-001     6.44707372e-003     2.30221668e-002
       1794     1.86732193e-001     4.62431618e-001     6.47874630e-003     2.31352680e-002
       1795     1.88371502e-001     4.66491272e-001     6.51213193e-003     2.32544863e-002
       1796     1.89952270e-001     4.70405955e-001     6.54727138e-003     2.33799675e-002
       1797     1.91475562e-001     4.74178302e-001     6.58420548e-003     2.35118572e-002
       1798     1.92942443e-001     4.77810948e-001     6.62297500e-003     2.36503012e-002
       1799     1.94353977e-001     4.81306530e-001     6.66362076e-003     2.37954451e-002
       1800     1.95711227e-001     4.84667683e-001     6.70618355e-003     2.39474346e-002
       1801     1.97015259e-001     4.87897044e-001     6.75070417e-003     2.41064154e-002
       1802     1.98267137e-001     4.90997248e-001     6.79722341e-003     2.42725332e-002
       1803     1.99467925e-001     4.93970931e-001     6.84578208e-003     2.44459337e-002
       1804     2.00618687e-001     4.96820728e-001     6.89642098e-003     2.46267626e-002
       1805     2.01720489e-001     4.99549277e-001     6.94918090e-003     2.48151656e-002
       1806     2.02774393e-001     5.02159211e-001     7.00410264e-003     2.50112883e-002
       1807     2.03781466e-001     5.04653169e-001     7.06122701e-003     2.52152764e-002
       1808     2.04742770e-001     5.07033784e-001     7.12059479e-003     2.54272757e-002
       1809     2.05659371e-001     5.09303694e-001     7.18224679e-003     2.56474318e-002
       1810     2.06532333e-001     5.11465534e-001     7.24622380e-003     2.58758904e-002
       1811     2.07362720e-001     5.13521939e-001     7.31256663e-003     2.61127972e-002
       1812     2.08151596e-001     5.15475547e-001     7.38131608e-003     2.63582979e-002
       1813     2.08900026e-001     5.17328991e-001     7.45251293e-003     2.66125382e-002
       1814     2.09609075e-001     5.19084910e-001     7.52619800e-003     2.68756638e-002
       1815     2.10279806e-001     5.20745937e-001     7.60241207e-003     2.71478203e-002
       1816     2.10913284e-001     5.22314710e-001     7.68119596e-003     2.74291535e-002
       1817     2.11510574e-001     5.23793863e-001     7.76259044e-003     2.77198090e-002
       1818     2.12072739e-001     5.25186033e-001     7.84663634e-003     2.80199325e-002
       1819     2.12600844e-001     5.26493856e-001     7.93337443e-003     2.83296698e-002
       1820     2.13095954e-001     5.27719968e-001     8.02284553e-003     2.86491664e-002
       1821     2.13559133e-001     5.28867004e-001     8.11509043e-003     2.89785682e-002
       1822     2.13991445e-001     5.29937600e-001     8.21014993e-003     2.93180207e-002
       1823     2.14393955e-001     5.30934392e-001     8.30806482e-003     2.96676698e-002
       1824     2.14767726e-001     5.31860016e-001     8.40887592e-003     3.00276610e-002
       1825     2.15113824e-001     5.32717108e-001     8.51262400e-003     3.03981400e-002
       1826     2.15433313e-001     5.33508304e-001     8.61934988e-003     3.07792526e-002
       1827     2.15727257e-001     5.34236239e-001     8.72909435e-003     3.11711444e-002
       1828     2.15996720e-001     5.34903549e-001     8.84189821e-003     3.15739612e-002
       1829     2.16242767e-001     5.35512871e-001     8.95780226e-003     3.19878486e-002
       1830     2.16466463e-001     5.36066839e-001     9.07684730e-003     3.24129522e-002
       1831     2.16668870e-001     5.36568091e-001     9.19907412e-003     3.28494179e-002
       1832     2.16851055e-001     5.37019261e-001     9.32452353e-003     3.32973912e-002
       1833     2.17014081e-001     5.37422986e-001     9.45323632e-003     3.37570180e-002
       1834     2.17159013e-001     5.37781902e-001     9.58525329e-003     3.42284437e-002
       1835     2.17286915e-001     5.38098644e-001     9.72061525e-003     3.47118143e-002
       1836     2.17398852e-001     5.38375848e-001     9.85936298e-003     3.52072752e-002
       1837     2.17495887e-001     5.38616150e-001     1.00015373e-002     3.57149723e-002
       1838     2.17579085e-001     5.38822186e-001     1.01471790e-002     3.62350513e-002
       1839     2.17649511e-001     5.38996591e-001     1.02963288e-002     3.67676577e-002
       1840     2.17708229e-001     5.39142003e-001     1.04490277e-002     3.73129373e-002
       1841     2.17756303e-001     5.39261055e-001     1.06053163e-002     3.78710358e-002
       1842     2.17794798e-001     5.39356385e-001     1.07652354e-002     3.84420989e-002
       1843     2.17824777e-001     5.39430629e-001     1.09288260e-002     3.90262723e-002
       1844     2.17847307e-001     5.39486421e-001     1.10961287e-002     3.96237016e-002
       1845     2.17863450e-001     5.39526398e-001     1.12671844e-002     4.02345326e-002
       1846     2.17874271e-001     5.39553196e-001     1.14420338e-002     4.08589109e-002
       1847     2.17880834e-001     5.39569450e-001     1.16207178e-002     4.14969822e-002
       1848     2.17884205e-001     5.39577797e-001     1.18032772e-002     4.21488923e-002
       1849     2.17885447e-001     5.39580872e-001     1.19897527e-002     4.28147867e-002
       1850     2.17885624e-001     5.39581312e-001     1.21801852e-002     4.34948113e-002
       1851     2.14136411e-001     5.30296599e-001     1.35317723e-002     4.83212590e-002
       1852     2.38462293e-001     5.90538257e-001     1.37384856e-002     4.90594216e-002
       1853     2.37533790e-001     5.88238874e-001     1.38656938e-002     4.95136755e-002
       1854     2.36424868e-001     5.85492691e-001     1.39929020e-002     4.99679294e-002
       1855     2.35117924e-001     5.82256119e-001     1.40724072e-002     5.02518381e-002
       1856     2.37384174e-001     5.87868357e-001     1.41201102e-002     5.04221833e-002
       1857     2.39694429e-001     5.93589571e-001     1.41519123e-002     5.05357468e-002
       1858     2.41965079e-001     5.99212707e-001     1.41678133e-002     5.05925285e-002
       1859     2.44240130e-001     6.04846741e-001     1.41996154e-002     5.07060920e-002
       1860     2.46506380e-001     6.10458979e-001     1.42155164e-002     5.07628737e-002
       1861     2.51188496e-001     6.22053973e-001     1.60600353e-002     5.73495553e-002
       1862     2.25247636e-001     5.57812913e-001     1.64734619e-002     5.88258805e-002
       1863     2.25102420e-001     5.57453294e-001     1.68709876e-002     6.02454240e-002
       1864     2.25054014e-001     5.57333421e-001     1.72367111e-002     6.15514040e-002
       1865     2.25067216e-001     5.57366114e-001     1.75706327e-002     6.27438205e-002
       1866     2.24957204e-001     5.57093675e-001     1.78568511e-002     6.37658917e-002
       1867     2.24072706e-001     5.54903267e-001     1.81271685e-002     6.47311813e-002
       1868     2.23109000e-001     5.52516704e-001     1.83656839e-002     6.55829074e-002
       1869     2.22167296e-001     5.50184628e-001     1.86201003e-002     6.64914152e-002
       1870     2.21388410e-001     5.48255762e-001     1.88427147e-002     6.72863595e-002
       1871     2.27183849e-001     5.62607836e-001     2.94645994e-002     1.05216560e-001
       1872     2.64055515e-001     6.53918411e-001     3.27561116e-002     1.16970380e-001
       1873     2.67562701e-001     6.62603758e-001     3.55387910e-002     1.26907184e-001
       1874     2.69674934e-001     6.67834582e-001     3.66200607e-002     1.30768343e-001
       1875     2.72192012e-001     6.74067981e-001     3.74946170e-002     1.33891338e-001
       1876     2.74524269e-001     6.79843683e-001     3.99751769e-002     1.42749289e-001
       1877     2.76737713e-001     6.85325151e-001     4.08974364e-002     1.46042630e-001
       1878     2.78942356e-001     6.90784824e-001     4.16606856e-002     1.48768153e-001
       1879     2.81076591e-001     6.96070136e-001     4.23285286e-002     1.51152986e-001
       1880     2.83312038e-001     7.01606091e-001     4.29486686e-002     1.53367474e-001
       1881     2.98071265e-001     7.38156475e-001     4.34893035e-002     1.55298053e-001
       1882     2.76948936e-001     6.85848233e-001     4.39981363e-002     1.57115069e-001
       1883     2.78035856e-001     6.88539928e-001     4.45228701e-002     1.58988866e-001
       1884     2.78581516e-001     6.89891225e-001     4.50476039e-002     1.60862664e-001
       1885     2.79008363e-001     6.90948287e-001     4.55564367e-002     1.62679679e-001
       1886     2.78713531e-001     6.90218151e-001     4.81006007e-002     1.71764757e-001
       1887     2.77829033e-001     6.88027743e-001     4.88797510e-002     1.74547063e-001
       1888     2.76636502e-001     6.85074507e-001     4.95793961e-002     1.77045459e-001
       1889     2.75848815e-001     6.83123846e-001     5.01518330e-002     1.79089602e-001
       1890     2.75025924e-001     6.81086004e-001     5.06924678e-002     1.81020181e-001
       1891     2.73371342e-001     6.76988525e-001     5.11535975e-002     1.82666851e-001
       1892     2.79360402e-001     6.91820091e-001     5.15829252e-002     1.84199958e-001
       1893     2.79840055e-001     6.93007924e-001     5.19963519e-002     1.85676283e-001
       1894     2.87567307e-001     7.12144022e-001     5.23938775e-002     1.87095827e-001
       1895     2.89261494e-001     7.16339579e-001     5.27755021e-002     1.88458588e-001
       1896     2.89996375e-001     7.18159470e-001     5.31571267e-002     1.89821350e-001
       1897     2.91294518e-001     7.21374248e-001     5.35228503e-002     1.91127330e-001
       1898     2.91716965e-001     7.22420413e-001     5.38726728e-002     1.92376528e-001
       1899     2.92135011e-001     7.23455680e-001     5.42224954e-002     1.93625726e-001
       1900     2.91488139e-001     7.21853740e-001     5.45564169e-002     1.94818143e-001
       1901     3.17754635e-001     7.86901218e-001     5.97878541e-002     2.13499335e-001
       1902     3.17525810e-001     7.86334546e-001     6.09963320e-002     2.17814747e-001
       1903     3.28152982e-001     8.12652130e-001     6.20139976e-002     2.21448778e-001
       1904     3.37332394e-001     8.35384420e-001     6.29362571e-002     2.24742119e-001
       1905     3.46032153e-001     8.56928877e-001     6.37790114e-002     2.27751551e-001
       1906     3.57072971e-001     8.84270831e-001     6.44786565e-002     2.30249947e-001
       1907     3.58551534e-001     8.87932408e-001     6.51305986e-002     2.32577999e-001
       1908     3.60184114e-001     8.91975400e-001     6.57507385e-002     2.34792486e-001
       1909     3.61020206e-001     8.94045934e-001     6.63390765e-002     2.36893411e-001
       1910     3.61266633e-001     8.94656197e-001     6.69115134e-002     2.38937553e-001
       1911     3.36021050e-001     8.32136950e-001     7.42259849e-002     2.65057153e-001
       1912     3.19087982e-001     7.90203176e-001     7.57047802e-002     2.70337854e-001
       1913     3.04988828e-001     7.55287425e-001     7.68973571e-002     2.74596485e-001
       1914     2.99061374e-001     7.40608424e-001     7.78991217e-002     2.78173734e-001
       1915     2.91356125e-001     7.21526813e-001     7.87895791e-002     2.81353512e-001
       1916     2.89745547e-001     7.17538310e-001     7.94415211e-002     2.83681563e-001
       1917     2.88152572e-001     7.13593397e-001     8.00298590e-002     2.85782487e-001
       1918     2.87263674e-001     7.11392091e-001     8.05545928e-002     2.87656285e-001
       1919     2.88733436e-001     7.15031873e-001     8.10475246e-002     2.89416518e-001
       1920     2.88429802e-001     7.14279942e-001     8.15086543e-002     2.91063189e-001
       1921     3.07475102e-001     7.61444541e-001     8.89185320e-002     3.17523479e-001
       1922     3.02916199e-001     7.50154678e-001     9.03655253e-002     3.22690617e-001
       1923     3.05305663e-001     7.56072048e-001     9.15263001e-002     3.26835684e-001
       1924     3.06889838e-001     7.59995166e-001     9.24644606e-002     3.30185806e-001
       1925     3.07316685e-001     7.61052229e-001     9.32595118e-002     3.33024893e-001
       1926     3.08742442e-001     7.64583035e-001     9.39114539e-002     3.35352944e-001
       1927     3.25473086e-001     8.06015522e-001     9.45315938e-002     3.37567432e-001
       1928     3.26159562e-001     8.07715540e-001     9.51199318e-002     3.39668357e-001
       1929     3.25591900e-001     8.06309756e-001     9.56764676e-002     3.41655717e-001
       1930     3.26617213e-001     8.08848885e-001     9.62171025e-002     3.43586296e-001
       1931     3.31734977e-001     8.21522736e-001     1.03547475e-001     3.69762678e-001
       1932     3.30366426e-001     8.18133598e-001     1.05042171e-001     3.75100161e-001
       1933     3.28368606e-001     8.13186110e-001     1.06266550e-001     3.79472355e-001
       1934     3.22124317e-001     7.97722486e-001     1.07316018e-001     3.83219950e-001
       1935     3.20091293e-001     7.92687818e-001     1.08254178e-001     3.86570072e-001
       1936     3.22947208e-001     7.99760328e-001     1.08937923e-001     3.89011687e-001
       1937     3.12091211e-001     7.72876071e-001     1.09573964e-001     3.91282956e-001
       1938     3.12562063e-001     7.74042109e-001     1.10162301e-001     3.93383881e-001
       1939     3.10652252e-001     7.69312572e-001     1.10702936e-001     3.95314460e-001
       1940     3.03954714e-001     7.52726500e-001     1.11227670e-001     3.97188257e-001
       1941     2.96566299e-001     7.34429513e-001     1.35524436e-001     4.83950753e-001
       1942     3.06084549e-001     7.58000915e-001     1.39467891e-001     4.98032624e-001
       1943     3.04249546e-001     7.53456636e-001     1.42489085e-001     5.08821154e-001
       1944     3.07219874e-001     7.60812483e-001     1.44921942e-001     5.17508760e-001
       1945     3.08645631e-001     7.64343289e-001     1.46925471e-001     5.24663259e-001
       1946     3.45002440e-001     8.54378851e-001     1.48149850e-001     5.29035453e-001
       1947     3.54225857e-001     8.77220116e-001     1.49183417e-001     5.32726266e-001
       1948     3.61073012e-001     8.94176705e-001     1.50073874e-001     5.35906043e-001
       1949     3.64342572e-001     9.02273585e-001     1.50868926e-001     5.38745130e-001
       1950     3.69702363e-001     9.15546801e-001     1.51584472e-001     5.41300308e-001
       1951     4.41434672e-001     1.09318777e+000     2.39246823e-001     8.54338029e-001
       1952     4.61923331e-001     1.14392677e+000     2.59441125e-001     9.26450837e-001
       1953     4.56999188e-001     1.13173241e+000     2.75532962e-001     9.83913955e-001
       1954     4.78521962e-001     1.18503233e+000     2.81925174e-001     1.00674021e+000
       1955     4.98073317e-001     1.23345014e+000     2.86552372e-001     1.02326370e+000
       1956     5.22641226e-001     1.29429117e+000     2.89271447e-001     1.03297338e+000
       1957     5.33448818e-001     1.32105555e+000     2.91179570e-001     1.03978719e+000
       1958     5.44089191e-001     1.34740583e+000     2.92499356e-001     1.04450007e+000
       1959     4.99573883e-001     1.23716621e+000     2.93437516e-001     1.04785019e+000
       1960     4.91388980e-001     1.21689676e+000     2.94057656e-001     1.05006468e+000
       1961     5.23596131e-001     1.29665593e+000     3.48868489e-001     1.24579133e+000
       1962     5.27921808e-001     1.30736823e+000     3.57041616e-001     1.27497714e+000
       1963     5.35270619e-001     1.32556714e+000     3.63036303e-001     1.29638386e+000
       1964     5.45347730e-001     1.35052253e+000     3.67552194e-001     1.31250987e+000
       1965     5.53295006e-001     1.37020350e+000     3.71145825e-001     1.32534255e+000
       1966     5.69585602e-001     1.41054623e+000     3.72863136e-001     1.33147497e+000
       1967     5.70580112e-001     1.41300908e+000     3.74151119e-001     1.33607429e+000
       1968     5.76828801e-001     1.42848360e+000     3.75089280e-001     1.33942442e+000
       1969     5.81625330e-001     1.44036193e+000     3.75423201e-001     1.34061683e+000
       1970     5.72503124e-001     1.41777131e+000     3.75566310e-001     1.34112787e+000
       1971     5.21404690e-001     1.29122895e+000     3.73276563e-001     1.33295130e+000
       1972     5.08898511e-001     1.26025812e+000     3.64371989e-001     1.30115353e+000
       1973     5.25690762e-001     1.30184317e+000     3.56055753e-001     1.27145668e+000
       1974     5.27314541e-001     1.30586436e+000     3.55467415e-001     1.26935575e+000
       1975     5.30870133e-001     1.31466959e+000     3.55117592e-001     1.26810655e+000
       1976     5.94575958e-001     1.47243342e+000     3.53718302e-001     1.26310976e+000
       1977     6.11042573e-001     1.51321206e+000     3.52366715e-001     1.25828331e+000
       1978     6.13115202e-001     1.51834480e+000     3.51062831e-001     1.25362721e+000
       1979     6.08182258e-001     1.50612865e+000     3.95871919e-001     1.41363815e+000
       1980     5.96358154e-001     1.47684693e+000     4.01310070e-001     1.43305750e+000
       1981     6.33067002e-001     1.56775430e+000     4.32221663e-001     1.54344120e+000
       1982     7.20143803e-001     1.78339502e+000     4.55071436e-001     1.62503656e+000
       1983     7.44584097e-001     1.84392002e+000     4.62385907e-001     1.65115616e+000
       1984     7.67977077e-001     1.90185140e+000     4.66059044e-001     1.66427274e+000
       1985     7.79686768e-001     1.93084978e+000     4.68444198e-001     1.67279000e+000
       1986     7.99264526e-001     1.97933298e+000     4.69461863e-001     1.67642403e+000
       1987     8.08281121e-001     2.00166206e+000     4.69509566e-001     1.67659438e+000
       1988     8.16606839e-001     2.02228023e+000     4.69127942e-001     1.67523162e+000
       1989     8.17803771e-001     2.02524436e+000     4.68746317e-001     1.67386885e+000
       1990     8.20118426e-001     2.03097647e+000     4.68110276e-001     1.67159758e+000
       1991     9.15468139e-001     2.26710459e+000     4.69461863e-001     1.67642403e+000
       1992     8.29861100e-001     2.05510365e+000     5.62816781e-001     2.00978962e+000
       1993     8.18754275e-001     2.02759823e+000     5.77350318e-001     2.06168812e+000
       1994     8.06300902e-001     1.99675816e+000     5.88242520e-001     2.10058361e+000
       1995     7.88606551e-001     1.95293911e+000     5.96765470e-001     2.13101863e+000
       1996     7.73033234e-001     1.91437268e+000     6.03730119e-001     2.15588903e+000
       1997     7.61002308e-001     1.88457878e+000     6.07609969e-001     2.16974377e+000
       1998     7.49120998e-001     1.85515539e+000     6.10742471e-001     2.18092977e+000
       1999     7.39510338e-001     1.83135514e+000     6.13350239e-001     2.19024198e+000
       2000     7.45490597e-001     1.84616491e+000     6.15544580e-001     2.19807786e+000
