
__MAGICC 5.X DATA FILE__

Data: Optical Thickness
Gas: Sulphate Aerosol Industrial
Unit:  Normalized to 1 in year 2000
Description: GISS optical depth of time-independent species; scaled over time with emissions;
Source: http://data.giss.nasa.gov/
Compiled by: Malte Meinshausen, Lauder NZ, NCAR/PIK, malte.meinshausen@gmail.com
Date: 18-Jul-2006 11:02:43

&THISFILE_SPECIFICATIONS
 THISFILE_DATACOLUMNS    =    4  ,
 THISFILE_FIRSTYEAR      = 1765  ,
 THISFILE_LASTYEAR       = 2000  ,
 THISFILE_ANNUALSTEPS    =    1  ,
 THISFILE_FIRSTDATAROW   =   21  ,
/

       YEARS    OT-NO               OT-NL               OT-SO               OT-SL
       1765     1.89161131e-001     2.21461982e-001     2.00055216e-001     2.05014533e-001
       1766     1.89457010e-001     2.21808385e-001     2.00055265e-001     2.05014582e-001
       1767     1.89745928e-001     2.22146637e-001     2.00055414e-001     2.05014736e-001
       1768     1.90027966e-001     2.22476837e-001     2.00055672e-001     2.05015000e-001
       1769     1.90303209e-001     2.22799080e-001     2.00056046e-001     2.05015383e-001
       1770     1.90571740e-001     2.23113464e-001     2.00056543e-001     2.05015892e-001
       1771     1.90833640e-001     2.23420085e-001     2.00057170e-001     2.05016535e-001
       1772     1.91088993e-001     2.23719042e-001     2.00057934e-001     2.05017318e-001
       1773     1.91337881e-001     2.24010431e-001     2.00058843e-001     2.05018250e-001
       1774     1.91580389e-001     2.24294348e-001     2.00059904e-001     2.05019337e-001
       1775     1.91816597e-001     2.24570891e-001     2.00061124e-001     2.05020587e-001
       1776     1.92046590e-001     2.24840158e-001     2.00062511e-001     2.05022008e-001
       1777     1.92270451e-001     2.25102244e-001     2.00064071e-001     2.05023607e-001
       1778     1.92488261e-001     2.25357247e-001     2.00065813e-001     2.05025392e-001
       1779     1.92700104e-001     2.25605265e-001     2.00067742e-001     2.05027369e-001
       1780     1.92906064e-001     2.25846393e-001     2.00069867e-001     2.05029546e-001
       1781     1.93106222e-001     2.26080730e-001     2.00072194e-001     2.05031931e-001
       1782     1.93300661e-001     2.26308371e-001     2.00074731e-001     2.05034532e-001
       1783     1.93489465e-001     2.26529415e-001     2.00077486e-001     2.05037354e-001
       1784     1.93672716e-001     2.26743958e-001     2.00080464e-001     2.05040407e-001
       1785     1.93850498e-001     2.26952098e-001     2.00083674e-001     2.05043697e-001
       1786     1.94022893e-001     2.27153930e-001     2.00087124e-001     2.05047231e-001
       1787     1.94189983e-001     2.27349553e-001     2.00090819e-001     2.05051018e-001
       1788     1.94351853e-001     2.27539063e-001     2.00094767e-001     2.05055064e-001
       1789     1.94508584e-001     2.27722557e-001     2.00098976e-001     2.05059377e-001
       1790     1.94660260e-001     2.27900133e-001     2.00103453e-001     2.05063965e-001
       1791     1.94806963e-001     2.28071887e-001     2.00108205e-001     2.05068835e-001
       1792     1.94948777e-001     2.28237917e-001     2.00113239e-001     2.05073994e-001
       1793     1.95085784e-001     2.28398319e-001     2.00118562e-001     2.05079449e-001
       1794     1.95218067e-001     2.28553190e-001     2.00124182e-001     2.05085209e-001
       1795     1.95345709e-001     2.28702628e-001     2.00130107e-001     2.05091280e-001
       1796     1.95468792e-001     2.28846729e-001     2.00136342e-001     2.05097670e-001
       1797     1.95587401e-001     2.28985591e-001     2.00142896e-001     2.05104386e-001
       1798     1.95701617e-001     2.29119311e-001     2.00149775e-001     2.05111436e-001
       1799     1.95811524e-001     2.29247985e-001     2.00156988e-001     2.05118827e-001
       1800     1.95917204e-001     2.29371710e-001     2.00164541e-001     2.05126567e-001
       1801     1.96018740e-001     2.29490585e-001     2.00172441e-001     2.05134663e-001
       1802     1.96116215e-001     2.29604705e-001     2.00180696e-001     2.05143123e-001
       1803     1.96209712e-001     2.29714168e-001     2.00189312e-001     2.05151953e-001
       1804     1.96299314e-001     2.29819070e-001     2.00198298e-001     2.05161162e-001
       1805     1.96385104e-001     2.29919509e-001     2.00207660e-001     2.05170756e-001
       1806     1.96467165e-001     2.30015582e-001     2.00217406e-001     2.05180743e-001
       1807     1.96545579e-001     2.30107386e-001     2.00227542e-001     2.05191131e-001
       1808     1.96620429e-001     2.30195018e-001     2.00238077e-001     2.05201927e-001
       1809     1.96691799e-001     2.30278574e-001     2.00249017e-001     2.05213138e-001
       1810     1.96759770e-001     2.30358152e-001     2.00260370e-001     2.05224772e-001
       1811     1.96824427e-001     2.30433850e-001     2.00272142e-001     2.05236836e-001
       1812     1.96885851e-001     2.30505763e-001     2.00284342e-001     2.05249338e-001
       1813     1.96944127e-001     2.30573989e-001     2.00296975e-001     2.05262285e-001
       1814     1.96999335e-001     2.30638625e-001     2.00310051e-001     2.05275685e-001
       1815     1.97051561e-001     2.30699769e-001     2.00323575e-001     2.05289544e-001
       1816     1.97100885e-001     2.30757516e-001     2.00337555e-001     2.05303871e-001
       1817     1.97147392e-001     2.30811964e-001     2.00351998e-001     2.05318672e-001
       1818     1.97191164e-001     2.30863211e-001     2.00366912e-001     2.05333955e-001
       1819     1.97232284e-001     2.30911352e-001     2.00382304e-001     2.05349729e-001
       1820     1.97270835e-001     2.30956486e-001     2.00398180e-001     2.05365999e-001
       1821     1.97306900e-001     2.30998709e-001     2.00414549e-001     2.05382773e-001
       1822     1.97340561e-001     2.31038118e-001     2.00431417e-001     2.05400059e-001
       1823     1.97371902e-001     2.31074811e-001     2.00448792e-001     2.05417865e-001
       1824     1.97401005e-001     2.31108883e-001     2.00466680e-001     2.05436197e-001
       1825     1.97427953e-001     2.31140433e-001     2.00485090e-001     2.05455063e-001
       1826     1.97452830e-001     2.31169558e-001     2.00504029e-001     2.05474471e-001
       1827     1.97475717e-001     2.31196353e-001     2.00523503e-001     2.05494428e-001
       1828     1.97496698e-001     2.31220917e-001     2.00543519e-001     2.05514941e-001
       1829     1.97515856e-001     2.31243347e-001     2.00564086e-001     2.05536018e-001
       1830     1.97533274e-001     2.31263739e-001     2.00585211e-001     2.05557666e-001
       1831     1.97549034e-001     2.31282190e-001     2.00606900e-001     2.05579892e-001
       1832     1.97563220e-001     2.31298798e-001     2.00629160e-001     2.05602705e-001
       1833     1.97575913e-001     2.31313659e-001     2.00652000e-001     2.05626111e-001
       1834     1.97587198e-001     2.31326871e-001     2.00675426e-001     2.05650118e-001
       1835     1.97597157e-001     2.31338530e-001     2.00699446e-001     2.05674733e-001
       1836     1.97605873e-001     2.31348734e-001     2.00724067e-001     2.05699964e-001
       1837     1.97613428e-001     2.31357580e-001     2.00749295e-001     2.05725818e-001
       1838     1.97619906e-001     2.31365164e-001     2.00775139e-001     2.05752302e-001
       1839     1.97625390e-001     2.31371584e-001     2.00801606e-001     2.05779425e-001
       1840     1.97629962e-001     2.31376937e-001     2.00828702e-001     2.05807193e-001
       1841     1.97633705e-001     2.31381319e-001     2.00856435e-001     2.05835613e-001
       1842     1.97636703e-001     2.31384828e-001     2.00884812e-001     2.05864694e-001
       1843     1.97639037e-001     2.31387561e-001     2.00913841e-001     2.05894443e-001
       1844     1.97640791e-001     2.31389615e-001     2.00943529e-001     2.05924866e-001
       1845     1.97642048e-001     2.31391087e-001     2.00973882e-001     2.05955972e-001
       1846     1.97642891e-001     2.31392073e-001     2.01004909e-001     2.05987768e-001
       1847     1.97643402e-001     2.31392671e-001     2.01036616e-001     2.06020261e-001
       1848     1.97643664e-001     2.31392979e-001     2.01069011e-001     2.06053459e-001
       1849     1.97643761e-001     2.31393092e-001     2.01102101e-001     2.06087369e-001
       1850     1.97643775e-001     2.31393108e-001     2.01135893e-001     2.06121999e-001
       1851     1.97351849e-001     2.31051333e-001     2.01375729e-001     2.06367781e-001
       1852     1.99245941e-001     2.33268858e-001     2.01412410e-001     2.06405371e-001
       1853     1.99173645e-001     2.33184217e-001     2.01434983e-001     2.06428504e-001
       1854     1.99087301e-001     2.33083128e-001     2.01457556e-001     2.06451636e-001
       1855     1.98985538e-001     2.32963989e-001     2.01471664e-001     2.06466094e-001
       1856     1.99161995e-001     2.33170578e-001     2.01480129e-001     2.06474769e-001
       1857     1.99341879e-001     2.33381178e-001     2.01485772e-001     2.06480552e-001
       1858     1.99518680e-001     2.33588169e-001     2.01488594e-001     2.06483443e-001
       1859     1.99695823e-001     2.33795560e-001     2.01494237e-001     2.06489226e-001
       1860     1.99872280e-001     2.34002150e-001     2.01497058e-001     2.06492118e-001
       1861     2.00236845e-001     2.34428967e-001     2.01824365e-001     2.06827538e-001
       1862     1.98217005e-001     2.32064222e-001     2.01897727e-001     2.06902719e-001
       1863     1.98205698e-001     2.32050984e-001     2.01968267e-001     2.06975008e-001
       1864     1.98201929e-001     2.32046572e-001     2.02033164e-001     2.07041514e-001
       1865     1.98202957e-001     2.32047775e-001     2.02092418e-001     2.07102236e-001
       1866     1.98194391e-001     2.32037747e-001     2.02143207e-001     2.07154284e-001
       1867     1.98125521e-001     2.31957117e-001     2.02191174e-001     2.07203441e-001
       1868     1.98050484e-001     2.31869266e-001     2.02233498e-001     2.07246814e-001
       1869     1.97977160e-001     2.31783421e-001     2.02278644e-001     2.07293079e-001
       1870     1.97916513e-001     2.31712419e-001     2.02318147e-001     2.07333561e-001
       1871     1.98367765e-001     2.32240726e-001     2.04202981e-001     2.09265120e-001
       1872     2.01238713e-001     2.35601913e-001     2.04787054e-001     2.09863672e-001
       1873     2.01511794e-001     2.35921625e-001     2.05280836e-001     2.10369694e-001
       1874     2.01676260e-001     2.36114174e-001     2.05472705e-001     2.10566320e-001
       1875     2.01872248e-001     2.36343628e-001     2.05627894e-001     2.10725355e-001
       1876     2.02053845e-001     2.36556235e-001     2.06068065e-001     2.11176438e-001
       1877     2.02226191e-001     2.36758010e-001     2.06231718e-001     2.11344148e-001
       1878     2.02397851e-001     2.36958983e-001     2.06367155e-001     2.11482943e-001
       1879     2.02564030e-001     2.37153538e-001     2.06485663e-001     2.11604388e-001
       1880     2.02738089e-001     2.37357319e-001     2.06595705e-001     2.11717159e-001
       1881     2.03887291e-001     2.38702757e-001     2.06691640e-001     2.11815472e-001
       1882     2.02242637e-001     2.36777265e-001     2.06781932e-001     2.11908002e-001
       1883     2.02327268e-001     2.36876348e-001     2.06875045e-001     2.12003423e-001
       1884     2.02369755e-001     2.36926089e-001     2.06968158e-001     2.12098844e-001
       1885     2.02402991e-001     2.36965000e-001     2.07058449e-001     2.12191374e-001
       1886     2.02380034e-001     2.36938124e-001     2.07509907e-001     2.12654023e-001
       1887     2.02311164e-001     2.36857494e-001     2.07648165e-001     2.12795709e-001
       1888     2.02218310e-001     2.36748784e-001     2.07772316e-001     2.12922938e-001
       1889     2.02156978e-001     2.36676979e-001     2.07873894e-001     2.13027034e-001
       1890     2.02092905e-001     2.36601965e-001     2.07969829e-001     2.13125347e-001
       1891     2.02119829e-001     2.36633487e-001     2.08067213e-001     2.13225145e-001
       1892     2.02195185e-001     2.36721710e-001     2.08164446e-001     2.13324789e-001
       1893     2.02310846e-001     2.36857121e-001     2.08261850e-001     2.13424607e-001
       1894     2.02458688e-001     2.37030208e-001     2.08359745e-001     2.13524929e-001
       1895     2.02630584e-001     2.37231457e-001     2.08458454e-001     2.13626084e-001
       1896     2.02818410e-001     2.37451356e-001     2.08558296e-001     2.13728402e-001
       1897     2.03014040e-001     2.37680391e-001     2.08659594e-001     2.13832211e-001
       1898     2.03209347e-001     2.37909049e-001     2.08762669e-001     2.13937841e-001
       1899     2.03396207e-001     2.38127817e-001     2.08867842e-001     2.14045621e-001
       1900     2.03566495e-001     2.38327182e-001     2.08975434e-001     2.14155881e-001
       1901     2.03727698e-001     2.38515912e-001     2.09085596e-001     2.14268773e-001
       1902     2.03892497e-001     2.38708853e-001     2.09198144e-001     2.14384112e-001
       1903     2.04060555e-001     2.38905607e-001     2.09312901e-001     2.14501713e-001
       1904     2.04231532e-001     2.39105780e-001     2.09429689e-001     2.14621397e-001
       1905     2.04405091e-001     2.39308976e-001     2.09548331e-001     2.14742980e-001
       1906     2.04580894e-001     2.39514799e-001     2.09668649e-001     2.14866280e-001
       1907     2.04758603e-001     2.39722853e-001     2.09790466e-001     2.14991117e-001
       1908     2.04937880e-001     2.39932744e-001     2.09913603e-001     2.15117307e-001
       1909     2.05118387e-001     2.40144074e-001     2.10037884e-001     2.15244668e-001
       1910     2.05299786e-001     2.40356448e-001     2.10163130e-001     2.15373020e-001
       1911     2.05482632e-001     2.40570516e-001     2.10290695e-001     2.15503747e-001
       1912     2.05667622e-001     2.40787094e-001     2.10421552e-001     2.15637847e-001
       1913     2.05854630e-001     2.41006036e-001     2.10554954e-001     2.15774557e-001
       1914     2.06043531e-001     2.41227194e-001     2.10690156e-001     2.15913110e-001
       1915     2.06234202e-001     2.41450423e-001     2.10826410e-001     2.16052742e-001
       1916     2.06426515e-001     2.41675575e-001     2.10962971e-001     2.16192688e-001
       1917     2.06620347e-001     2.41902506e-001     2.11099092e-001     2.16332183e-001
       1918     2.06815572e-001     2.42131067e-001     2.11234026e-001     2.16470463e-001
       1919     2.07012066e-001     2.42361113e-001     2.11367028e-001     2.16606762e-001
       1920     2.07209702e-001     2.42592498e-001     2.11497351e-001     2.16740316e-001
       1921     2.07408371e-001     2.42825091e-001     2.11626016e-001     2.16872170e-001
       1922     2.07608167e-001     2.43059004e-001     2.11754379e-001     2.17003714e-001
       1923     2.07809270e-001     2.43294447e-001     2.11882193e-001     2.17134698e-001
       1924     2.08011860e-001     2.43531631e-001     2.12009216e-001     2.17264869e-001
       1925     2.08216117e-001     2.43770766e-001     2.12135201e-001     2.17393978e-001
       1926     2.08422220e-001     2.44012064e-001     2.12259905e-001     2.17521773e-001
       1927     2.08630352e-001     2.44255735e-001     2.12383082e-001     2.17648004e-001
       1928     2.08840690e-001     2.44501991e-001     2.12504489e-001     2.17772419e-001
       1929     2.09053416e-001     2.44751041e-001     2.12623879e-001     2.17894769e-001
       1930     2.09268709e-001     2.45003098e-001     2.12741009e-001     2.18014803e-001
       1931     2.09488817e-001     2.45260791e-001     2.12857224e-001     2.18133899e-001
       1932     2.09714853e-001     2.45525424e-001     2.12973575e-001     2.18253135e-001
       1933     2.09945297e-001     2.45795219e-001     2.13089372e-001     2.18371802e-001
       1934     2.10178631e-001     2.46068397e-001     2.13203924e-001     2.18489193e-001
       1935     2.10413337e-001     2.46343180e-001     2.13316541e-001     2.18604602e-001
       1936     2.10647894e-001     2.46617790e-001     2.13426533e-001     2.18717321e-001
       1937     2.10880784e-001     2.46890448e-001     2.13533211e-001     2.18826644e-001
       1938     2.11110488e-001     2.47159376e-001     2.13635884e-001     2.18931862e-001
       1939     2.11335487e-001     2.47422795e-001     2.13733863e-001     2.19032269e-001
       1940     2.11554261e-001     2.47678927e-001     2.13826457e-001     2.19127159e-001
       1941     2.11761836e-001     2.47921947e-001     2.13910344e-001     2.19213126e-001
       1942     2.11957090e-001     2.48150542e-001     2.13984645e-001     2.19289268e-001
       1943     2.12144282e-001     2.48369699e-001     2.14052328e-001     2.19358630e-001
       1944     2.12327671e-001     2.48584403e-001     2.14116365e-001     2.19424254e-001
       1945     2.12511516e-001     2.48799641e-001     2.14179726e-001     2.19489186e-001
       1946     2.12700077e-001     2.49020401e-001     2.14245381e-001     2.19556468e-001
       1947     2.12897614e-001     2.49251669e-001     2.14316300e-001     2.19629146e-001
       1948     2.13108386e-001     2.49498431e-001     2.14395455e-001     2.19710262e-001
       1949     2.13336651e-001     2.49765675e-001     2.14485814e-001     2.19802862e-001
       1950     2.13586670e-001     2.50058387e-001     2.14590349e-001     2.19909988e-001
       1951     2.13869859e-001     2.50389933e-001     2.14722577e-001     2.20045493e-001
       1952     2.14190294e-001     2.50765085e-001     2.14889829e-001     2.20216892e-001
       1953     2.14541226e-001     2.51175941e-001     2.15085802e-001     2.20417723e-001
       1954     2.14915906e-001     2.51614600e-001     2.15304188e-001     2.20641523e-001
       1955     2.15307583e-001     2.52073160e-001     2.15538683e-001     2.20881831e-001
       1956     2.15709510e-001     2.52543719e-001     2.15782981e-001     2.21132185e-001
       1957     2.16114935e-001     2.53018374e-001     2.16030776e-001     2.21386123e-001
       1958     2.16517111e-001     2.53489225e-001     2.16275763e-001     2.21637183e-001
       1959     2.16909287e-001     2.53948369e-001     2.16511637e-001     2.21878904e-001
       1960     2.17284715e-001     2.54387903e-001     2.16732091e-001     2.22104823e-001
       1961     2.17649250e-001     2.54814686e-001     2.16941402e-001     2.22319322e-001
       1962     2.18013152e-001     2.55240728e-001     2.17148488e-001     2.22531542e-001
       1963     2.18376276e-001     2.55665858e-001     2.17354010e-001     2.22742159e-001
       1964     2.18738475e-001     2.56089905e-001     2.17558628e-001     2.22951850e-001
       1965     2.19099602e-001     2.56512698e-001     2.17763004e-001     2.23161292e-001
       1966     2.19459513e-001     2.56934067e-001     2.17967797e-001     2.23371162e-001
       1967     2.19818061e-001     2.57353840e-001     2.18173668e-001     2.23582136e-001
       1968     2.20175100e-001     2.57771846e-001     2.18381277e-001     2.23794892e-001
       1969     2.20530484e-001     2.58187915e-001     2.18591285e-001     2.24010105e-001
       1970     2.20884067e-001     2.58601876e-001     2.18804351e-001     2.24228454e-001
       1971     2.21233641e-001     2.59011142e-001     2.19020073e-001     2.24449523e-001
       1972     2.21578143e-001     2.59414471e-001     2.19237566e-001     2.24672408e-001
       1973     2.21919147e-001     2.59813704e-001     2.19456771e-001     2.24897047e-001
       1974     2.22258223e-001     2.60210681e-001     2.19677630e-001     2.25123381e-001
       1975     2.22596946e-001     2.60607243e-001     2.19900082e-001     2.25351348e-001
       1976     2.22936888e-001     2.61005233e-001     2.20124070e-001     2.25580888e-001
       1977     2.23279622e-001     2.61406491e-001     2.20349534e-001     2.25811941e-001
       1978     2.23626719e-001     2.61812859e-001     2.20576415e-001     2.26044447e-001
       1979     2.23979754e-001     2.62226177e-001     2.20804654e-001     2.26278344e-001
       1980     2.24340298e-001     2.62648286e-001     2.21034192e-001     2.26513572e-001
       1981     2.24698234e-001     2.63067344e-001     2.21287221e-001     2.26772874e-001
       1982     2.25046413e-001     2.63474976e-001     2.21576151e-001     2.27068966e-001
       1983     2.25390854e-001     2.63878234e-001     2.21886254e-001     2.27386756e-001
       1984     2.25737580e-001     2.64284167e-001     2.22202798e-001     2.27711148e-001
       1985     2.26092613e-001     2.64699824e-001     2.22511056e-001     2.28027047e-001
       1986     2.26461972e-001     2.65132254e-001     2.22796296e-001     2.28319358e-001
       1987     2.26851680e-001     2.65588508e-001     2.23043790e-001     2.28572988e-001
       1988     2.27267757e-001     2.66075634e-001     2.23238809e-001     2.28772840e-001
       1989     2.27716226e-001     2.66600683e-001     2.23366621e-001     2.28903822e-001
       1990     2.28203108e-001     2.67170704e-001     2.23412499e-001     2.28950836e-001
       1991     2.28715053e-001     2.67770068e-001     2.23358034e-001     2.28895021e-001
       1992     2.29265136e-001     2.68414083e-001     2.23228157e-001     2.28761924e-001
       1993     2.29899009e-001     2.69156195e-001     2.23073142e-001     2.28603067e-001
       1994     2.30662324e-001     2.70049852e-001     2.22943264e-001     2.28469969e-001
       1995     2.31600734e-001     2.71148503e-001     2.22888799e-001     2.28414155e-001
       1996     2.32944651e-001     2.72721906e-001     2.23812830e-001     2.29361092e-001
       1997     2.34828222e-001     2.74927111e-001     2.26326898e-001     2.31937483e-001
       1998     2.37152696e-001     2.77648510e-001     2.30043969e-001     2.35746699e-001
       1999     2.39819327e-001     2.80770490e-001     2.34577006e-001     2.40392109e-001
       2000     2.42729367e-001     2.84177443e-001     2.39538974e-001     2.45477083e-001
