
__MAGICC 5.X DATA FILE__

Data: Optical Thickness
Gas: Sulphate Aerosol Industrial
Unit:  Normalized to 1 in year 2000
Description: GISS optical depth of time-independent species; scaled over time with emissions;
Source: http://data.giss.nasa.gov/
Compiled by: Malte Meinshausen, Lauder NZ, NCAR/PIK, malte.meinshausen@gmail.com
Date: 18-Jul-2006 11:02:43

&THISFILE_SPECIFICATIONS
 THISFILE_DATACOLUMNS    =    4  ,
 THISFILE_FIRSTYEAR      = 1765  ,
 THISFILE_LASTYEAR       = 2002  ,
 THISFILE_ANNUALSTEPS    =    1  ,
 THISFILE_FIRSTDATAROW   =   21  ,
/

       YEARS    OT-NO               OT-NL               OT-SO               OT-SL
       1765     9.60444672e-001     4.23398431e-001     1.44108878e+000     4.41566512e-001
       1766     9.60444672e-001     4.23398431e-001     1.44108878e+000     4.41566512e-001
       1767     9.60444672e-001     4.23398431e-001     1.44108878e+000     4.41566512e-001
       1768     9.60444672e-001     4.23398431e-001     1.44108878e+000     4.41566512e-001
       1769     9.60444672e-001     4.23398431e-001     1.44108878e+000     4.41566512e-001
       1770     9.60444672e-001     4.23398431e-001     1.44108878e+000     4.41566512e-001
       1771     9.60444672e-001     4.23398431e-001     1.44108878e+000     4.41566512e-001
       1772     9.60444672e-001     4.23398431e-001     1.44108878e+000     4.41566512e-001
       1773     9.60444672e-001     4.23398431e-001     1.44108878e+000     4.41566512e-001
       1774     9.60444672e-001     4.23398431e-001     1.44108878e+000     4.41566512e-001
       1775     9.60444672e-001     4.23398431e-001     1.44108878e+000     4.41566512e-001
       1776     9.60444672e-001     4.23398431e-001     1.44108878e+000     4.41566512e-001
       1777     9.60444672e-001     4.23398431e-001     1.44108878e+000     4.41566512e-001
       1778     9.60444672e-001     4.23398431e-001     1.44108878e+000     4.41566512e-001
       1779     9.60444672e-001     4.23398431e-001     1.44108878e+000     4.41566512e-001
       1780     9.60444672e-001     4.23398431e-001     1.44108878e+000     4.41566512e-001
       1781     9.60444672e-001     4.23398431e-001     1.44108878e+000     4.41566512e-001
       1782     9.60444672e-001     4.23398431e-001     1.44108878e+000     4.41566512e-001
       1783     9.60444672e-001     4.23398431e-001     1.44108878e+000     4.41566512e-001
       1784     9.60444672e-001     4.23398431e-001     1.44108878e+000     4.41566512e-001
       1785     9.60444672e-001     4.23398431e-001     1.44108878e+000     4.41566512e-001
       1786     9.60444672e-001     4.23398431e-001     1.44108878e+000     4.41566512e-001
       1787     9.60444672e-001     4.23398431e-001     1.44108878e+000     4.41566512e-001
       1788     9.60444672e-001     4.23398431e-001     1.44108878e+000     4.41566512e-001
       1789     9.60444672e-001     4.23398431e-001     1.44108878e+000     4.41566512e-001
       1790     9.60444672e-001     4.23398431e-001     1.44108878e+000     4.41566512e-001
       1791     9.60444672e-001     4.23398431e-001     1.44108878e+000     4.41566512e-001
       1792     9.60444672e-001     4.23398431e-001     1.44108878e+000     4.41566512e-001
       1793     9.60444672e-001     4.23398431e-001     1.44108878e+000     4.41566512e-001
       1794     9.60444672e-001     4.23398431e-001     1.44108878e+000     4.41566512e-001
       1795     9.60444672e-001     4.23398431e-001     1.44108878e+000     4.41566512e-001
       1796     9.60444672e-001     4.23398431e-001     1.44108878e+000     4.41566512e-001
       1797     9.60444672e-001     4.23398431e-001     1.44108878e+000     4.41566512e-001
       1798     9.60444672e-001     4.23398431e-001     1.44108878e+000     4.41566512e-001
       1799     9.60444672e-001     4.23398431e-001     1.44108878e+000     4.41566512e-001
       1800     9.60444672e-001     4.23398431e-001     1.44108878e+000     4.41566512e-001
       1801     9.60444672e-001     4.23398431e-001     1.44108878e+000     4.41566512e-001
       1802     9.60444672e-001     4.23398431e-001     1.44108878e+000     4.41566512e-001
       1803     9.60444672e-001     4.23398431e-001     1.44108878e+000     4.41566512e-001
       1804     9.60444672e-001     4.23398431e-001     1.44108878e+000     4.41566512e-001
       1805     9.60444672e-001     4.23398431e-001     1.44108878e+000     4.41566512e-001
       1806     9.60444672e-001     4.23398431e-001     1.44108878e+000     4.41566512e-001
       1807     9.60444672e-001     4.23398431e-001     1.44108878e+000     4.41566512e-001
       1808     9.60444672e-001     4.23398431e-001     1.44108878e+000     4.41566512e-001
       1809     9.60444672e-001     4.23398431e-001     1.44108878e+000     4.41566512e-001
       1810     9.60444672e-001     4.23398431e-001     1.44108878e+000     4.41566512e-001
       1811     9.60444672e-001     4.23398431e-001     1.44108878e+000     4.41566512e-001
       1812     9.60444672e-001     4.23398431e-001     1.44108878e+000     4.41566512e-001
       1813     9.60444672e-001     4.23398431e-001     1.44108878e+000     4.41566512e-001
       1814     9.60444672e-001     4.23398431e-001     1.44108878e+000     4.41566512e-001
       1815     9.60444672e-001     4.23398431e-001     1.44108878e+000     4.41566512e-001
       1816     9.60444672e-001     4.23398431e-001     1.44108878e+000     4.41566512e-001
       1817     9.60444672e-001     4.23398431e-001     1.44108878e+000     4.41566512e-001
       1818     9.60444672e-001     4.23398431e-001     1.44108878e+000     4.41566512e-001
       1819     9.60444672e-001     4.23398431e-001     1.44108878e+000     4.41566512e-001
       1820     9.60444672e-001     4.23398431e-001     1.44108878e+000     4.41566512e-001
       1821     9.60444672e-001     4.23398431e-001     1.44108878e+000     4.41566512e-001
       1822     9.60444672e-001     4.23398431e-001     1.44108878e+000     4.41566512e-001
       1823     9.60444672e-001     4.23398431e-001     1.44108878e+000     4.41566512e-001
       1824     9.60444672e-001     4.23398431e-001     1.44108878e+000     4.41566512e-001
       1825     9.60444672e-001     4.23398431e-001     1.44108878e+000     4.41566512e-001
       1826     9.60444672e-001     4.23398431e-001     1.44108878e+000     4.41566512e-001
       1827     9.60444672e-001     4.23398431e-001     1.44108878e+000     4.41566512e-001
       1828     9.60444672e-001     4.23398431e-001     1.44108878e+000     4.41566512e-001
       1829     9.60444672e-001     4.23398431e-001     1.44108878e+000     4.41566512e-001
       1830     9.60444672e-001     4.23398431e-001     1.44108878e+000     4.41566512e-001
       1831     9.60444672e-001     4.23398431e-001     1.44108878e+000     4.41566512e-001
       1832     9.60444672e-001     4.23398431e-001     1.44108878e+000     4.41566512e-001
       1833     9.60444672e-001     4.23398431e-001     1.44108878e+000     4.41566512e-001
       1834     9.60444672e-001     4.23398431e-001     1.44108878e+000     4.41566512e-001
       1835     9.60444672e-001     4.23398431e-001     1.44108878e+000     4.41566512e-001
       1836     9.60444672e-001     4.23398431e-001     1.44108878e+000     4.41566512e-001
       1837     9.60444672e-001     4.23398431e-001     1.44108878e+000     4.41566512e-001
       1838     9.60444672e-001     4.23398431e-001     1.44108878e+000     4.41566512e-001
       1839     9.60444672e-001     4.23398431e-001     1.44108878e+000     4.41566512e-001
       1840     9.60444672e-001     4.23398431e-001     1.44108878e+000     4.41566512e-001
       1841     9.60444672e-001     4.23398431e-001     1.44108878e+000     4.41566512e-001
       1842     9.60444672e-001     4.23398431e-001     1.44108878e+000     4.41566512e-001
       1843     9.60444672e-001     4.23398431e-001     1.44108878e+000     4.41566512e-001
       1844     9.60444672e-001     4.23398431e-001     1.44108878e+000     4.41566512e-001
       1845     9.60444672e-001     4.23398431e-001     1.44108878e+000     4.41566512e-001
       1846     9.60444672e-001     4.23398431e-001     1.44108878e+000     4.41566512e-001
       1847     9.60444672e-001     4.23398431e-001     1.44108878e+000     4.41566512e-001
       1848     9.60444672e-001     4.23398431e-001     1.44108878e+000     4.41566512e-001
       1849     9.60444672e-001     4.23398431e-001     1.44108878e+000     4.41566512e-001
       1850     9.60444672e-001     4.23398431e-001     1.44108878e+000     4.41566512e-001
       1851     9.60444672e-001     4.23398431e-001     1.44108878e+000     4.41566512e-001
       1852     9.60444672e-001     4.23398431e-001     1.44108878e+000     4.41566512e-001
       1853     9.60444672e-001     4.23398431e-001     1.44108878e+000     4.41566512e-001
       1854     9.60444672e-001     4.23398431e-001     1.44108878e+000     4.41566512e-001
       1855     9.60444672e-001     4.23398431e-001     1.44108878e+000     4.41566512e-001
       1856     9.60444672e-001     4.23398431e-001     1.44108878e+000     4.41566512e-001
       1857     9.60444672e-001     4.23398431e-001     1.44108878e+000     4.41566512e-001
       1858     9.60444672e-001     4.23398431e-001     1.44108878e+000     4.41566512e-001
       1859     9.60444672e-001     4.23398431e-001     1.44108878e+000     4.41566512e-001
       1860     9.60444672e-001     4.23398431e-001     1.44108878e+000     4.41566512e-001
       1861     9.60444672e-001     4.23398431e-001     1.44108878e+000     4.41566512e-001
       1862     9.60444672e-001     4.23398431e-001     1.44108878e+000     4.41566512e-001
       1863     9.60444672e-001     4.23398431e-001     1.44108878e+000     4.41566512e-001
       1864     9.60444672e-001     4.23398431e-001     1.44108878e+000     4.41566512e-001
       1865     9.60444672e-001     4.23398431e-001     1.44108878e+000     4.41566512e-001
       1866     9.60444672e-001     4.23398431e-001     1.44108878e+000     4.41566512e-001
       1867     9.60444672e-001     4.23398431e-001     1.44108878e+000     4.41566512e-001
       1868     9.60444672e-001     4.23398431e-001     1.44108878e+000     4.41566512e-001
       1869     9.60444672e-001     4.23398431e-001     1.44108878e+000     4.41566512e-001
       1870     9.60444672e-001     4.23398431e-001     1.44108878e+000     4.41566512e-001
       1871     9.60444672e-001     4.23398431e-001     1.44108878e+000     4.41566512e-001
       1872     9.60444672e-001     4.23398431e-001     1.44108878e+000     4.41566512e-001
       1873     9.60444672e-001     4.23398431e-001     1.44108878e+000     4.41566512e-001
       1874     9.60444672e-001     4.23398431e-001     1.44108878e+000     4.41566512e-001
       1875     9.60444672e-001     4.23398431e-001     1.44108878e+000     4.41566512e-001
       1876     9.60444672e-001     4.23398431e-001     1.44108878e+000     4.41566512e-001
       1877     9.60444672e-001     4.23398431e-001     1.44108878e+000     4.41566512e-001
       1878     9.60444672e-001     4.23398431e-001     1.44108878e+000     4.41566512e-001
       1879     9.60444672e-001     4.23398431e-001     1.44108878e+000     4.41566512e-001
       1880     9.60444672e-001     4.23398431e-001     1.44108878e+000     4.41566512e-001
       1881     9.60444672e-001     4.23398431e-001     1.44108878e+000     4.41566512e-001
       1882     9.60444672e-001     4.23398431e-001     1.44108878e+000     4.41566512e-001
       1883     9.60444672e-001     4.23398431e-001     1.44108878e+000     4.41566512e-001
       1884     9.60444672e-001     4.23398431e-001     1.44108878e+000     4.41566512e-001
       1885     9.60444672e-001     4.23398431e-001     1.44108878e+000     4.41566512e-001
       1886     9.60444672e-001     4.23398431e-001     1.44108878e+000     4.41566512e-001
       1887     9.60444672e-001     4.23398431e-001     1.44108878e+000     4.41566512e-001
       1888     9.60444672e-001     4.23398431e-001     1.44108878e+000     4.41566512e-001
       1889     9.60444672e-001     4.23398431e-001     1.44108878e+000     4.41566512e-001
       1890     9.60444672e-001     4.23398431e-001     1.44108878e+000     4.41566512e-001
       1891     9.60444672e-001     4.23398431e-001     1.44108878e+000     4.41566512e-001
       1892     9.60444672e-001     4.23398431e-001     1.44108878e+000     4.41566512e-001
       1893     9.60444672e-001     4.23398431e-001     1.44108878e+000     4.41566512e-001
       1894     9.60444672e-001     4.23398431e-001     1.44108878e+000     4.41566512e-001
       1895     9.60444672e-001     4.23398431e-001     1.44108878e+000     4.41566512e-001
       1896     9.60444672e-001     4.23398431e-001     1.44108878e+000     4.41566512e-001
       1897     9.60444672e-001     4.23398431e-001     1.44108878e+000     4.41566512e-001
       1898     9.60444672e-001     4.23398431e-001     1.44108878e+000     4.41566512e-001
       1899     9.60444672e-001     4.23398431e-001     1.44108878e+000     4.41566512e-001
       1900     9.60444672e-001     4.23398431e-001     1.44108878e+000     4.41566512e-001
       1901     9.60444672e-001     4.23398431e-001     1.44108878e+000     4.41566512e-001
       1902     9.60444672e-001     4.23398431e-001     1.44108878e+000     4.41566512e-001
       1903     9.60444672e-001     4.23398431e-001     1.44108878e+000     4.41566512e-001
       1904     9.60444672e-001     4.23398431e-001     1.44108878e+000     4.41566512e-001
       1905     9.60444672e-001     4.23398431e-001     1.44108878e+000     4.41566512e-001
       1906     9.60444672e-001     4.23398431e-001     1.44108878e+000     4.41566512e-001
       1907     9.60444672e-001     4.23398431e-001     1.44108878e+000     4.41566512e-001
       1908     9.60444672e-001     4.23398431e-001     1.44108878e+000     4.41566512e-001
       1909     9.60444672e-001     4.23398431e-001     1.44108878e+000     4.41566512e-001
       1910     9.60444672e-001     4.23398431e-001     1.44108878e+000     4.41566512e-001
       1911     9.60444672e-001     4.23398431e-001     1.44108878e+000     4.41566512e-001
       1912     9.60444672e-001     4.23398431e-001     1.44108878e+000     4.41566512e-001
       1913     9.60444672e-001     4.23398431e-001     1.44108878e+000     4.41566512e-001
       1914     9.60444672e-001     4.23398431e-001     1.44108878e+000     4.41566512e-001
       1915     9.60444672e-001     4.23398431e-001     1.44108878e+000     4.41566512e-001
       1916     9.60444672e-001     4.23398431e-001     1.44108878e+000     4.41566512e-001
       1917     9.60444672e-001     4.23398431e-001     1.44108878e+000     4.41566512e-001
       1918     9.60444672e-001     4.23398431e-001     1.44108878e+000     4.41566512e-001
       1919     9.60444672e-001     4.23398431e-001     1.44108878e+000     4.41566512e-001
       1920     9.60444672e-001     4.23398431e-001     1.44108878e+000     4.41566512e-001
       1921     9.60444672e-001     4.23398431e-001     1.44108878e+000     4.41566512e-001
       1922     9.60444672e-001     4.23398431e-001     1.44108878e+000     4.41566512e-001
       1923     9.60444672e-001     4.23398431e-001     1.44108878e+000     4.41566512e-001
       1924     9.60444672e-001     4.23398431e-001     1.44108878e+000     4.41566512e-001
       1925     9.60444672e-001     4.23398431e-001     1.44108878e+000     4.41566512e-001
       1926     9.60444672e-001     4.23398431e-001     1.44108878e+000     4.41566512e-001
       1927     9.60444672e-001     4.23398431e-001     1.44108878e+000     4.41566512e-001
       1928     9.60444672e-001     4.23398431e-001     1.44108878e+000     4.41566512e-001
       1929     9.60444672e-001     4.23398431e-001     1.44108878e+000     4.41566512e-001
       1930     9.60444672e-001     4.23398431e-001     1.44108878e+000     4.41566512e-001
       1931     9.60444672e-001     4.23398431e-001     1.44108878e+000     4.41566512e-001
       1932     9.60444672e-001     4.23398431e-001     1.44108878e+000     4.41566512e-001
       1933     9.60444672e-001     4.23398431e-001     1.44108878e+000     4.41566512e-001
       1934     9.60444672e-001     4.23398431e-001     1.44108878e+000     4.41566512e-001
       1935     9.60444672e-001     4.23398431e-001     1.44108878e+000     4.41566512e-001
       1936     9.60444672e-001     4.23398431e-001     1.44108878e+000     4.41566512e-001
       1937     9.60444672e-001     4.23398431e-001     1.44108878e+000     4.41566512e-001
       1938     9.60444672e-001     4.23398431e-001     1.44108878e+000     4.41566512e-001
       1939     9.60444672e-001     4.23398431e-001     1.44108878e+000     4.41566512e-001
       1940     9.60444672e-001     4.23398431e-001     1.44108878e+000     4.41566512e-001
       1941     9.60444672e-001     4.23398431e-001     1.44108878e+000     4.41566512e-001
       1942     9.60444672e-001     4.23398431e-001     1.44108878e+000     4.41566512e-001
       1943     9.60444672e-001     4.23398431e-001     1.44108878e+000     4.41566512e-001
       1944     9.60444672e-001     4.23398431e-001     1.44108878e+000     4.41566512e-001
       1945     9.60444672e-001     4.23398431e-001     1.44108878e+000     4.41566512e-001
       1946     9.60444672e-001     4.23398431e-001     1.44108878e+000     4.41566512e-001
       1947     9.60444672e-001     4.23398431e-001     1.44108878e+000     4.41566512e-001
       1948     9.60444672e-001     4.23398431e-001     1.44108878e+000     4.41566512e-001
       1949     9.60444672e-001     4.23398431e-001     1.44108878e+000     4.41566512e-001
       1950     9.60444672e-001     4.23398431e-001     1.44108878e+000     4.41566512e-001
       1951     9.60444672e-001     4.23398431e-001     1.44108878e+000     4.41566512e-001
       1952     9.60444672e-001     4.23398431e-001     1.44108878e+000     4.41566512e-001
       1953     9.60444672e-001     4.23398431e-001     1.44108878e+000     4.41566512e-001
       1954     9.60444672e-001     4.23398431e-001     1.44108878e+000     4.41566512e-001
       1955     9.60444672e-001     4.23398431e-001     1.44108878e+000     4.41566512e-001
       1956     9.60444672e-001     4.23398431e-001     1.44108878e+000     4.41566512e-001
       1957     9.60444672e-001     4.23398431e-001     1.44108878e+000     4.41566512e-001
       1958     9.60444672e-001     4.23398431e-001     1.44108878e+000     4.41566512e-001
       1959     9.60444672e-001     4.23398431e-001     1.44108878e+000     4.41566512e-001
       1960     9.60444672e-001     4.23398431e-001     1.44108878e+000     4.41566512e-001
       1961     9.60444672e-001     4.23398431e-001     1.44108878e+000     4.41566512e-001
       1962     9.60444672e-001     4.23398431e-001     1.44108878e+000     4.41566512e-001
       1963     9.60444672e-001     4.23398431e-001     1.44108878e+000     4.41566512e-001
       1964     9.60444672e-001     4.23398431e-001     1.44108878e+000     4.41566512e-001
       1965     9.60444672e-001     4.23398431e-001     1.44108878e+000     4.41566512e-001
       1966     9.60444672e-001     4.23398431e-001     1.44108878e+000     4.41566512e-001
       1967     9.60444672e-001     4.23398431e-001     1.44108878e+000     4.41566512e-001
       1968     9.60444672e-001     4.23398431e-001     1.44108878e+000     4.41566512e-001
       1969     9.60444672e-001     4.23398431e-001     1.44108878e+000     4.41566512e-001
       1970     9.60444672e-001     4.23398431e-001     1.44108878e+000     4.41566512e-001
       1971     9.60444672e-001     4.23398431e-001     1.44108878e+000     4.41566512e-001
       1972     9.60444672e-001     4.23398431e-001     1.44108878e+000     4.41566512e-001
       1973     9.60444672e-001     4.23398431e-001     1.44108878e+000     4.41566512e-001
       1974     9.60444672e-001     4.23398431e-001     1.44108878e+000     4.41566512e-001
       1975     9.60444672e-001     4.23398431e-001     1.44108878e+000     4.41566512e-001
       1976     9.60444672e-001     4.23398431e-001     1.44108878e+000     4.41566512e-001
       1977     9.60444672e-001     4.23398431e-001     1.44108878e+000     4.41566512e-001
       1978     9.60444672e-001     4.23398431e-001     1.44108878e+000     4.41566512e-001
       1979     9.60444672e-001     4.23398431e-001     1.44108878e+000     4.41566512e-001
       1980     9.60444672e-001     4.23398431e-001     1.44108878e+000     4.41566512e-001
       1981     9.60444672e-001     4.23398431e-001     1.44108878e+000     4.41566512e-001
       1982     9.60444672e-001     4.23398431e-001     1.44108878e+000     4.41566512e-001
       1983     9.60444672e-001     4.23398431e-001     1.44108878e+000     4.41566512e-001
       1984     9.60444672e-001     4.23398431e-001     1.44108878e+000     4.41566512e-001
       1985     9.60444672e-001     4.23398431e-001     1.44108878e+000     4.41566512e-001
       1986     9.60444672e-001     4.23398431e-001     1.44108878e+000     4.41566512e-001
       1987     9.60444672e-001     4.23398431e-001     1.44108878e+000     4.41566512e-001
       1988     9.60444672e-001     4.23398431e-001     1.44108878e+000     4.41566512e-001
       1989     9.60444672e-001     4.23398431e-001     1.44108878e+000     4.41566512e-001
       1990     9.60444672e-001     4.23398431e-001     1.44108878e+000     4.41566512e-001
       1991     9.60444672e-001     4.23398431e-001     1.44108878e+000     4.41566512e-001
       1992     9.60444672e-001     4.23398431e-001     1.44108878e+000     4.41566512e-001
       1993     9.60444672e-001     4.23398431e-001     1.44108878e+000     4.41566512e-001
       1994     9.60444672e-001     4.23398431e-001     1.44108878e+000     4.41566512e-001
       1995     9.60444672e-001     4.23398431e-001     1.44108878e+000     4.41566512e-001
       1996     9.60444672e-001     4.23398431e-001     1.44108878e+000     4.41566512e-001
       1997     9.60444672e-001     4.23398431e-001     1.44108878e+000     4.41566512e-001
       1998     9.60444672e-001     4.23398431e-001     1.44108878e+000     4.41566512e-001
       1999     9.60444672e-001     4.23398431e-001     1.44108878e+000     4.41566512e-001
       2000     9.60444672e-001     4.23398431e-001     1.44108878e+000     4.41566512e-001
       2001     9.60444672e-001     4.23398431e-001     1.44108878e+000     4.41566512e-001
       2002     9.60444672e-001     4.23398431e-001     1.44108878e+000     4.41566512e-001
