
__MAGICC 5.X DATA FILE__

Data: Optical Thickness
Gas: Sulphate Aerosol Industrial
Unit:  Normalized to 1 in year 2000
Description: GISS optical depth of time-independent species; scaled over time with emissions;
Source: http://data.giss.nasa.gov/
Compiled by: Malte Meinshausen, Lauder NZ, NCAR/PIK, malte.meinshausen@gmail.com
Date: 18-Jul-2006 11:02:43

&THISFILE_SPECIFICATIONS
 THISFILE_DATACOLUMNS    =    4  ,
 THISFILE_FIRSTYEAR      = 1765  ,
 THISFILE_LASTYEAR       = 2000  ,
 THISFILE_ANNUALSTEPS    =    1  ,
 THISFILE_FIRSTDATAROW   =   21  ,
/

       YEARS    OT-NO               OT-NL               OT-SO               OT-SL
       1765     1.57517536e-001     3.84894004e-001     8.51597427e-003     3.08545574e-002
       1766     1.63011830e-001     3.98319307e-001     8.51635425e-003     3.08559341e-002
       1767     1.68376852e-001     4.11428736e-001     8.51753223e-003     3.08602021e-002
       1768     1.73614142e-001     4.24226050e-001     8.51956526e-003     3.08675680e-002
       1769     1.78725238e-001     4.36715011e-001     8.52251039e-003     3.08782386e-002
       1770     1.83711680e-001     4.48899378e-001     8.52642466e-003     3.08924206e-002
       1771     1.88575005e-001     4.60782912e-001     8.53136513e-003     3.09103206e-002
       1772     1.93316755e-001     4.72369373e-001     8.53738885e-003     3.09321454e-002
       1773     1.97938466e-001     4.83662522e-001     8.54455287e-003     3.09581016e-002
       1774     2.02441678e-001     4.94666119e-001     8.55291423e-003     3.09883960e-002
       1775     2.06827931e-001     5.05383924e-001     8.56252999e-003     3.10232352e-002
       1776     2.11098763e-001     5.15819699e-001     8.57345720e-003     3.10628260e-002
       1777     2.15255712e-001     5.25977203e-001     8.58575290e-003     3.11073750e-002
       1778     2.19300319e-001     5.35860197e-001     8.59947416e-003     3.11570890e-002
       1779     2.23234121e-001     5.45472441e-001     8.61467801e-003     3.12121747e-002
       1780     2.27058659e-001     5.54817695e-001     8.63142150e-003     3.12728387e-002
       1781     2.30775470e-001     5.63899721e-001     8.64976170e-003     3.13392878e-002
       1782     2.34386094e-001     5.72722278e-001     8.66975564e-003     3.14117286e-002
       1783     2.37892069e-001     5.81289127e-001     8.69146038e-003     3.14903679e-002
       1784     2.41294935e-001     5.89604028e-001     8.71493296e-003     3.15754123e-002
       1785     2.44596231e-001     5.97670742e-001     8.74023044e-003     3.16670686e-002
       1786     2.47797495e-001     6.05493029e-001     8.76740987e-003     3.17655435e-002
       1787     2.50900267e-001     6.13074650e-001     8.79652830e-003     3.18710436e-002
       1788     2.53906085e-001     6.20419364e-001     8.82764277e-003     3.19837756e-002
       1789     2.56816488e-001     6.27530933e-001     8.86081034e-003     3.21039463e-002
       1790     2.59633016e-001     6.34413117e-001     8.89608806e-003     3.22317624e-002
       1791     2.62357207e-001     6.41069676e-001     8.93353297e-003     3.23674305e-002
       1792     2.64990600e-001     6.47504370e-001     8.97320213e-003     3.25111574e-002
       1793     2.67534734e-001     6.53720961e-001     9.01515258e-003     3.26631497e-002
       1794     2.69991148e-001     6.59723208e-001     9.05944138e-003     3.28236142e-002
       1795     2.72361382e-001     6.65514872e-001     9.10612558e-003     3.29927575e-002
       1796     2.74646973e-001     6.71099713e-001     9.15526223e-003     3.31707864e-002
       1797     2.76849461e-001     6.76481491e-001     9.20690837e-003     3.33579076e-002
       1798     2.78970385e-001     6.81663968e-001     9.26112106e-003     3.35543277e-002
       1799     2.81011284e-001     6.86650903e-001     9.31795734e-003     3.37602534e-002
       1800     2.82973697e-001     6.91446057e-001     9.37747427e-003     3.39758915e-002
       1801     2.84859162e-001     6.96053191e-001     9.43972890e-003     3.42014487e-002
       1802     2.86669219e-001     7.00476064e-001     9.50477827e-003     3.44371316e-002
       1803     2.88405407e-001     7.04718437e-001     9.57267944e-003     3.46831469e-002
       1804     2.90069264e-001     7.08784071e-001     9.64348945e-003     3.49397014e-002
       1805     2.91662330e-001     7.12676726e-001     9.71726536e-003     3.52070018e-002
       1806     2.93186143e-001     7.16400162e-001     9.79406422e-003     3.54852547e-002
       1807     2.94642242e-001     7.19958140e-001     9.87394307e-003     3.57746669e-002
       1808     2.96032167e-001     7.23354420e-001     9.95695897e-003     3.60754450e-002
       1809     2.97357456e-001     7.26592763e-001     1.00431690e-002     3.63877958e-002
       1810     2.98619648e-001     7.29676929e-001     1.01326301e-002     3.67119259e-002
       1811     2.99820282e-001     7.32610679e-001     1.02253994e-002     3.70480421e-002
       1812     3.00960898e-001     7.35397772e-001     1.03215340e-002     3.73963510e-002
       1813     3.02043033e-001     7.38041969e-001     1.04210909e-002     3.77570594e-002
       1814     3.03068228e-001     7.40547032e-001     1.05241271e-002     3.81303740e-002
       1815     3.04038020e-001     7.42916719e-001     1.06306997e-002     3.85165014e-002
       1816     3.04953950e-001     7.45154792e-001     1.07408658e-002     3.89156483e-002
       1817     3.05817555e-001     7.47265010e-001     1.08546823e-002     3.93280215e-002
       1818     3.06630375e-001     7.49251136e-001     1.09722064e-002     3.97538276e-002
       1819     3.07393949e-001     7.51116928e-001     1.10934951e-002     4.01932734e-002
       1820     3.08109815e-001     7.52866147e-001     1.12186055e-002     4.06465656e-002
       1821     3.08779513e-001     7.54502553e-001     1.13475945e-002     4.11139108e-002
       1822     3.09404582e-001     7.56029908e-001     1.14805193e-002     4.15955157e-002
       1823     3.09986560e-001     7.57451971e-001     1.16174369e-002     4.20915871e-002
       1824     3.10526986e-001     7.58772503e-001     1.17584043e-002     4.26023317e-002
       1825     3.11027400e-001     7.59995264e-001     1.19034786e-002     4.31279561e-002
       1826     3.11489341e-001     7.61124015e-001     1.20527169e-002     4.36686670e-002
       1827     3.11914346e-001     7.62162516e-001     1.22061761e-002     4.42246712e-002
       1828     3.12303956e-001     7.63114527e-001     1.23639135e-002     4.47961754e-002
       1829     3.12659709e-001     7.63983810e-001     1.25259858e-002     4.53833862e-002
       1830     3.12983144e-001     7.64774123e-001     1.26924504e-002     4.59865103e-002
       1831     3.13275800e-001     7.65489228e-001     1.28633641e-002     4.66057545e-002
       1832     3.13539217e-001     7.66132886e-001     1.30387841e-002     4.72413255e-002
       1833     3.13774932e-001     7.66708856e-001     1.32187674e-002     4.78934299e-002
       1834     3.13984485e-001     7.67220899e-001     1.34033710e-002     4.85622744e-002
       1835     3.14169415e-001     7.67672775e-001     1.35926520e-002     4.92480658e-002
       1836     3.14331261e-001     7.68068245e-001     1.37866675e-002     4.99510108e-002
       1837     3.14471561e-001     7.68411070e-001     1.39854744e-002     5.06713160e-002
       1838     3.14591856e-001     7.68705009e-001     1.41891299e-002     5.14091881e-002
       1839     3.14693683e-001     7.68953823e-001     1.43976910e-002     5.21648339e-002
       1840     3.14778581e-001     7.69161272e-001     1.46112148e-002     5.29384601e-002
       1841     3.14848090e-001     7.69331118e-001     1.48297582e-002     5.37302733e-002
       1842     3.14903749e-001     7.69467119e-001     1.50533784e-002     5.45404802e-002
       1843     3.14947096e-001     7.69573038e-001     1.52821323e-002     5.53692876e-002
       1844     3.14979670e-001     7.69652633e-001     1.55160771e-002     5.62169022e-002
       1845     3.15003011e-001     7.69709666e-001     1.57552699e-002     5.70835306e-002
       1846     3.15018657e-001     7.69747897e-001     1.59997675e-002     5.79693795e-002
       1847     3.15028147e-001     7.69771086e-001     1.62496271e-002     5.88746557e-002
       1848     3.15033020e-001     7.69782994e-001     1.65049058e-002     5.97995658e-002
       1849     3.15034816e-001     7.69787381e-001     1.67656606e-002     6.07443166e-002
       1850     3.15035072e-001     7.69788008e-001     1.70319485e-002     6.17091147e-002
       1851     3.09614183e-001     7.56542070e-001     1.89219167e-002     6.85567319e-002
       1852     3.44786334e-001     8.42485199e-001     1.92109707e-002     6.96040145e-002
       1853     3.43443837e-001     8.39204808e-001     1.93888500e-002     7.02484962e-002
       1854     3.41840476e-001     8.35286996e-001     1.95667294e-002     7.08929778e-002
       1855     3.39950800e-001     8.30669574e-001     1.96779040e-002     7.12957788e-002
       1856     3.43227511e-001     8.38676215e-001     1.97446088e-002     7.15374594e-002
       1857     3.46567847e-001     8.46838324e-001     1.97890786e-002     7.16985798e-002
       1858     3.49850920e-001     8.54860512e-001     1.98113135e-002     7.17791400e-002
       1859     3.53140356e-001     8.62898247e-001     1.98557834e-002     7.19402604e-002
       1860     3.56417067e-001     8.70904888e-001     1.98780183e-002     7.20208206e-002
       1861     3.63186816e-001     8.87446764e-001     2.24572690e-002     8.13658040e-002
       1862     3.25679611e-001     7.95797931e-001     2.30353769e-002     8.34603693e-002
       1863     3.25469647e-001     7.95284884e-001     2.35912499e-002     8.54743743e-002
       1864     3.25399659e-001     7.95113869e-001     2.41026530e-002     8.73272590e-002
       1865     3.25418746e-001     7.95160509e-001     2.45695863e-002     8.90190232e-002
       1866     3.25259683e-001     7.94771837e-001     2.49698149e-002     9.04691069e-002
       1867     3.23980811e-001     7.91646915e-001     2.53478085e-002     9.18386303e-002
       1868     3.22587414e-001     7.88242150e-001     2.56813323e-002     9.30470333e-002
       1869     3.21225829e-001     7.84915118e-001     2.60370911e-002     9.43359966e-002
       1870     3.20099658e-001     7.82163321e-001     2.63483799e-002     9.54638394e-002
       1871     3.28479131e-001     8.02638557e-001     4.12013063e-002     1.49278054e-001
       1872     3.81790898e-001     9.32905829e-001     4.58039347e-002     1.65954016e-001
       1873     3.86861847e-001     9.45296689e-001     4.96950457e-002     1.80052052e-001
       1874     3.89915869e-001     9.52759189e-001     5.12070202e-002     1.85530145e-001
       1875     3.93555245e-001     9.61652002e-001     5.24299408e-002     1.89960956e-001
       1876     3.96927394e-001     9.69891846e-001     5.58985883e-002     2.02528348e-001
       1877     4.00127754e-001     9.77711925e-001     5.71882136e-002     2.07200840e-001
       1878     4.03315389e-001     9.85500910e-001     5.82554898e-002     2.11067729e-001
       1879     4.06401224e-001     9.93041144e-001     5.91893564e-002     2.14451258e-001
       1880     4.09633397e-001     1.00093896e+000     6.00565183e-002     2.17593106e-001
       1881     4.30973374e-001     1.05308318e+000     6.08125056e-002     2.20332153e-001
       1882     4.00433156e-001     9.78458175e-001     6.15240230e-002     2.22910079e-001
       1883     4.02004705e-001     9.82298253e-001     6.22577754e-002     2.25568566e-001
       1884     4.02793661e-001     9.84226066e-001     6.29915277e-002     2.28227052e-001
       1885     4.03410828e-001     9.85734113e-001     6.37030451e-002     2.30804979e-001
       1886     4.02984537e-001     9.84692472e-001     6.72606323e-002     2.43694611e-001
       1887     4.01705665e-001     9.81567550e-001     6.83501434e-002     2.47642061e-001
       1888     3.99981416e-001     9.77354347e-001     6.93284798e-002     2.51186710e-001
       1889     3.98842520e-001     9.74571456e-001     7.01289370e-002     2.54086877e-001
       1890     3.97652724e-001     9.71664190e-001     7.08849242e-002     2.56825924e-001
       1891     3.95260407e-001     9.65818565e-001     7.15297369e-002     2.59162170e-001
       1892     4.03919831e-001     9.86977863e-001     7.21300797e-002     2.61337295e-001
       1893     4.04613349e-001     9.88672472e-001     7.27081876e-002     2.63431861e-001
       1894     4.15785978e-001     1.01597279e+000     7.32640606e-002     2.65445866e-001
       1895     4.18235558e-001     1.02195833e+000     7.37976987e-002     2.67379310e-001
       1896     4.19298103e-001     1.02455466e+000     7.43313368e-002     2.69312755e-001
       1897     4.21175054e-001     1.02914099e+000     7.48427399e-002     2.71165640e-001
       1898     4.21785859e-001     1.03063349e+000     7.53319082e-002     2.72937964e-001
       1899     4.22390300e-001     1.03211044e+000     7.58210764e-002     2.74710289e-001
       1900     4.21455006e-001     1.02982505e+000     7.62880097e-002     2.76402053e-001
       1901     4.59433040e-001     1.12262435e+000     8.36032983e-002     3.02906360e-001
       1902     4.59102187e-001     1.12181592e+000     8.52931522e-002     3.09028935e-001
       1903     4.74467734e-001     1.15936162e+000     8.67161871e-002     3.14184788e-001
       1904     4.87740004e-001     1.19179240e+000     8.80058124e-002     3.18857280e-001
       1905     5.00318756e-001     1.22252858e+000     8.91842632e-002     3.23126970e-001
       1906     5.16282383e-001     1.26153569e+000     9.01625997e-002     3.26671619e-001
       1907     5.18420198e-001     1.26675944e+000     9.10742314e-002     3.29974587e-001
       1908     5.20780702e-001     1.27252733e+000     9.19413932e-002     3.33116435e-001
       1909     5.21989586e-001     1.27548124e+000     9.27640853e-002     3.36097163e-001
       1910     5.22345888e-001     1.27635186e+000     9.35645424e-002     3.38997330e-001
       1911     4.85843966e-001     1.18715944e+000     1.03792605e-001     3.76055023e-001
       1912     4.61360891e-001     1.12733506e+000     1.05860453e-001     3.83547122e-001
       1913     4.40975295e-001     1.07752287e+000     1.07528072e-001     3.89589137e-001
       1914     4.32404947e-001     1.05658123e+000     1.08928872e-001     3.94664430e-001
       1915     4.21264130e-001     1.02935865e+000     1.10174027e-001     3.99175801e-001
       1916     4.18935438e-001     1.02366849e+000     1.11085659e-001     4.02478769e-001
       1917     4.16632197e-001     1.01804052e+000     1.11908351e-001     4.05459497e-001
       1918     4.15346963e-001     1.01490005e+000     1.12642104e-001     4.08117983e-001
       1919     4.17472053e-001     1.02009271e+000     1.13331386e-001     4.10615350e-001
       1920     4.17033037e-001     1.01901997e+000     1.13976199e-001     4.12951596e-001
       1921     4.44570134e-001     1.08630685e+000     1.24337671e-001     4.50492650e-001
       1922     4.37978537e-001     1.07020029e+000     1.26361049e-001     4.57823628e-001
       1923     4.41433399e-001     1.07864224e+000     1.27984198e-001     4.63704523e-001
       1924     4.43723915e-001     1.08423912e+000     1.29296058e-001     4.68457575e-001
       1925     4.44341082e-001     1.08574716e+000     1.30407804e-001     4.72485585e-001
       1926     4.46402547e-001     1.09078435e+000     1.31319436e-001     4.75788553e-001
       1927     4.70592944e-001     1.14989357e+000     1.32186598e-001     4.78930401e-001
       1928     4.71585501e-001     1.15231889e+000     1.33009290e-001     4.81911128e-001
       1929     4.70764733e-001     1.15031334e+000     1.33787512e-001     4.84730736e-001
       1930     4.72247206e-001     1.15393576e+000     1.34543500e-001     4.87469782e-001
       1931     4.79646846e-001     1.17201678e+000     1.44793798e-001     5.24608036e-001
       1932     4.77668095e-001     1.16718170e+000     1.46883880e-001     5.32180695e-001
       1933     4.74779499e-001     1.16012342e+000     1.48595969e-001     5.38383830e-001
       1934     4.65751047e-001     1.13806240e+000     1.50063474e-001     5.43700803e-001
       1935     4.62811551e-001     1.13087975e+000     1.51375334e-001     5.48453855e-001
       1936     4.66940843e-001     1.14096967e+000     1.52331435e-001     5.51917944e-001
       1937     4.51244444e-001     1.10261552e+000     1.53220832e-001     5.55140352e-001
       1938     4.51925236e-001     1.10427904e+000     1.54043524e-001     5.58121080e-001
       1939     4.49163891e-001     1.09753170e+000     1.54799511e-001     5.60860126e-001
       1940     4.39480097e-001     1.07386935e+000     1.55533264e-001     5.63518613e-001
       1941     4.28797384e-001     1.04776615e+000     1.89508221e-001     6.86614602e-001
       1942     4.42559569e-001     1.08139404e+000     1.95022481e-001     7.06593532e-001
       1943     4.39906388e-001     1.07491099e+000     1.99247116e-001     7.21899970e-001
       1944     4.44201106e-001     1.08540513e+000     2.02649059e-001     7.34225681e-001
       1945     4.46262571e-001     1.09044232e+000     2.05450659e-001     7.44376267e-001
       1946     4.98829921e-001     1.21889061e+000     2.07162747e-001     7.50579402e-001
       1947     5.12165816e-001     1.25147686e+000     2.08608017e-001     7.55815815e-001
       1948     5.22065936e-001     1.27566780e+000     2.09853173e-001     7.60327187e-001
       1949     5.26793308e-001     1.28721913e+000     2.10964919e-001     7.64355197e-001
       1950     5.34542888e-001     1.30615522e+000     2.11965490e-001     7.67980406e-001
       1951     6.38258740e-001     1.55958485e+000     3.34546603e-001     1.21210880e+000
       1952     6.67882752e-001     1.63197110e+000     3.62784951e-001     1.31442026e+000
       1953     6.60763063e-001     1.61457414e+000     3.85286690e-001     1.39594718e+000
       1954     6.91882273e-001     1.69061391e+000     3.94225128e-001     1.42833238e+000
       1955     7.20151062e-001     1.75968868e+000     4.00695489e-001     1.45177540e+000
       1956     7.55673153e-001     1.84648689e+000     4.04497660e-001     1.46555120e+000
       1957     7.71299564e-001     1.88467002e+000     4.07165851e-001     1.47521842e+000
       1958     7.86684199e-001     1.92226236e+000     4.09011349e-001     1.48190492e+000
       1959     7.22320690e-001     1.76499017e+000     4.10323209e-001     1.48665797e+000
       1960     7.10486355e-001     1.73607298e+000     4.11190371e-001     1.48979982e+000
       1961     7.57053825e-001     1.84986056e+000     4.87834140e-001     1.76749083e+000
       1962     7.63308207e-001     1.86514314e+000     4.99262889e-001     1.80889878e+000
       1963     7.73933658e-001     1.89110642e+000     5.07645453e-001     1.83926997e+000
       1964     7.88503887e-001     1.92670877e+000     5.13960170e-001     1.86214907e+000
       1965     7.99994644e-001     1.95478643e+000     5.18985262e-001     1.88035568e+000
       1966     8.23548787e-001     2.01234096e+000     5.21386634e-001     1.88905618e+000
       1967     8.24986722e-001     2.01585456e+000     5.23187662e-001     1.89558155e+000
       1968     8.34021537e-001     2.03793112e+000     5.24499522e-001     1.90033461e+000
       1969     8.40956711e-001     2.05487721e+000     5.24966456e-001     1.90202637e+000
       1970     8.27767154e-001     2.02264854e+000     5.25166570e-001     1.90275141e+000
       1971     7.53885277e-001     1.84211822e+000     5.21964742e-001     1.89115074e+000
       1972     7.35802923e-001     1.79793400e+000     5.09513187e-001     1.84603703e+000
       1973     7.60082397e-001     1.85726088e+000     4.97884323e-001     1.80390404e+000
       1974     7.62430176e-001     1.86299767e+000     4.97061631e-001     1.80092332e+000
       1975     7.67571113e-001     1.87555955e+000     4.96572463e-001     1.79915099e+000
       1976     8.59681682e-001     2.10063167e+000     4.94615790e-001     1.79206169e+000
       1977     8.83490327e-001     2.15880808e+000     4.92725822e-001     1.78521408e+000
       1978     8.86487086e-001     2.16613066e+000     4.90902559e-001     1.77860814e+000
       1979     8.79354672e-001     2.14870261e+000     5.53560563e-001     2.00562679e+000
       1980     8.62258513e-001     2.10692815e+000     5.61164905e-001     2.03317838e+000
       1981     9.15334867e-001     2.23662019e+000     6.04389589e-001     2.18978741e+000
       1982     1.04123691e+000     2.54426177e+000     6.36341169e-001     2.30555242e+000
       1983     1.07657449e+000     2.63060912e+000     6.46569232e-001     2.34261011e+000
       1984     1.11039778e+000     2.71325631e+000     6.51705498e-001     2.36121952e+000
       1985     1.12732852e+000     2.75462655e+000     6.55040736e-001     2.37330355e+000
       1986     1.15563548e+000     2.82379460e+000     6.56463771e-001     2.37845940e+000
       1987     1.16867234e+000     2.85565015e+000     6.56530476e-001     2.37870108e+000
       1988     1.18071027e+000     2.88506483e+000     6.55996838e-001     2.37676764e+000
       1989     1.18244088e+000     2.88929358e+000     6.55463200e-001     2.37483420e+000
       1990     1.18578758e+000     2.89747124e+000     6.54573803e-001     2.37161179e+000
       1991     1.32365122e+000     3.23434095e+000     6.56463771e-001     2.37845940e+000
       1992     1.19987426e+000     2.93189202e+000     7.87004985e-001     2.85142835e+000
       1993     1.18381519e+000     2.89265171e+000     8.07327702e-001     2.92506038e+000
       1994     1.16580919e+000     2.84865405e+000     8.22558622e-001     2.98024411e+000
       1995     1.14022540e+000     2.78614006e+000     8.34476539e-001     3.02342438e+000
       1996     1.11770835e+000     2.73111967e+000     8.44215434e-001     3.05870975e+000
       1997     1.10031315e+000     2.68861451e+000     8.49640754e-001     3.07836644e+000
       1998     1.08313428e+000     2.64663795e+000     8.54021033e-001     3.09423680e+000
       1999     1.06923848e+000     2.61268357e+000     8.57667560e-001     3.10744867e+000
       2000     1.07788518e+000     2.63381177e+000     8.60735979e-001     3.11856598e+000
