
__RCP Historical Concentration File: N2O__

Description: Nitrous Oxide (N2O) end-of-year average mixing ratio (ppb)
Compiled by: Malte Meinshausen, PIK Potsdam, malte.meinshausen@pik-potsdam.de, Steve Smith
Source: N2O concentrations (ppb) - up to 1850 data from Flückiger et al. - (300yr cutoff spline);
from 1850 onwards: data from NASA GISS GCM - as given on http://data.giss.nasa.gov/modelforce/ghgases//Fig1C.ext.txt
1850-1977: Machida, T., T. Nakazawa, Y. Fujii, S. Aoki, and O. Watanabe 1995. Increase in the atmospheric nitrous oxide concentration during the last 250 years. Geophys. Res. Lett.,22, 2921-2924.
1978-1999: NOAA CMDL Flask Data ftp://ftp.cmdl.noaa.gov/hats/n2o/flasks
2000-2008: G.S. Dutton, T.M. Thompson, J.W. Elkins and B.D. Hall (NOAA CMDL InSitu Data) ftp://ftp.cmdl.noaa.gov/hats/n2o/insituGCs/CATS/global/insitu_global_N2O
Date: 22 Sep-2009 19:45:35



&THISFILE_SPECIFICATIONS
 THISFILE_DATACOLUMNS    =    1  ,
 THISFILE_FIRSTYEAR      =  958  ,
 THISFILE_LASTYEAR       = 2008  ,
 THISFILE_ANNUALSTEPS    =    1  ,
 THISFILE_FIRSTDATAROW   =   26  ,
 THISFILE_UNITS          = ppb  ,
 THISFILE_DATTYPE        = FOURBOXDATA  ,
/

    COLCODE              GLOBAL
        958     2.69592314e+002
        959     2.69582992e+002
        960     2.69573646e+002
        961     2.69564276e+002
        962     2.69554883e+002
        963     2.69545474e+002
        964     2.69536054e+002
        965     2.69526614e+002
        966     2.69517133e+002
        967     2.69507589e+002
        968     2.69497976e+002
        969     2.69488305e+002
        970     2.69478576e+002
        971     2.69468777e+002
        972     2.69458901e+002
        973     2.69448945e+002
        974     2.69438920e+002
        975     2.69428818e+002
        976     2.69418620e+002
        977     2.69408311e+002
        978     2.69397880e+002
        979     2.69387333e+002
        980     2.69376671e+002
        981     2.69365886e+002
        982     2.69354966e+002
        983     2.69343908e+002
        984     2.69332713e+002
        985     2.69321380e+002
        986     2.69309898e+002
        987     2.69298256e+002
        988     2.69286448e+002
        989     2.69274475e+002
        990     2.69262333e+002
        991     2.69250015e+002
        992     2.69237512e+002
        993     2.69224818e+002
        994     2.69211929e+002
        995     2.69198843e+002
        996     2.69185553e+002
        997     2.69172053e+002
        998     2.69158335e+002
        999     2.69144395e+002
       1000     2.69130228e+002
       1001     2.69115831e+002
       1002     2.69101196e+002
       1003     2.69086319e+002
       1004     2.69071191e+002
       1005     2.69055808e+002
       1006     2.69040164e+002
       1007     2.69024258e+002
       1008     2.69008084e+002
       1009     2.68991630e+002
       1010     2.68974889e+002
       1011     2.68957862e+002
       1012     2.68940551e+002
       1013     2.68922956e+002
       1014     2.68905055e+002
       1015     2.68886838e+002
       1016     2.68868322e+002
       1017     2.68849526e+002
       1018     2.68830461e+002
       1019     2.68811110e+002
       1020     2.68791456e+002
       1021     2.68771510e+002
       1022     2.68751286e+002
       1023     2.68730796e+002
       1024     2.68710022e+002
       1025     2.68688950e+002
       1026     2.68667589e+002
       1027     2.68645955e+002
       1028     2.68624056e+002
       1029     2.68601876e+002
       1030     2.68579401e+002
       1031     2.68556643e+002
       1032     2.68533619e+002
       1033     2.68510343e+002
       1034     2.68486802e+002
       1035     2.68462980e+002
       1036     2.68438887e+002
       1037     2.68414538e+002
       1038     2.68389946e+002
       1039     2.68365093e+002
       1040     2.68339963e+002
       1041     2.68314577e+002
       1042     2.68288965e+002
       1043     2.68263154e+002
       1044     2.68237130e+002
       1045     2.68210872e+002
       1046     2.68184398e+002
       1047     2.68157738e+002
       1048     2.68130921e+002
       1049     2.68103939e+002
       1050     2.68076772e+002
       1051     2.68049432e+002
       1052     2.68021943e+002
       1053     2.67994327e+002
       1054     2.67966576e+002
       1055     2.67938677e+002
       1056     2.67910639e+002
       1057     2.67882489e+002
       1058     2.67854249e+002
       1059     2.67825916e+002
       1060     2.67797470e+002
       1061     2.67768926e+002
       1062     2.67740311e+002
       1063     2.67711655e+002
       1064     2.67682957e+002
       1065     2.67654202e+002
       1066     2.67625393e+002
       1067     2.67596555e+002
       1068     2.67567706e+002
       1069     2.67538848e+002
       1070     2.67509964e+002
       1071     2.67481062e+002
       1072     2.67452165e+002
       1073     2.67423299e+002
       1074     2.67394464e+002
       1075     2.67365642e+002
       1076     2.67336842e+002
       1077     2.67308086e+002
       1078     2.67279397e+002
       1079     2.67250779e+002
       1080     2.67222212e+002
       1081     2.67193704e+002
       1082     2.67165280e+002
       1083     2.67136968e+002
       1084     2.67108773e+002
       1085     2.67080676e+002
       1086     2.67052679e+002
       1087     2.67024807e+002
       1088     2.66997086e+002
       1089     2.66969520e+002
       1090     2.66942090e+002
       1091     2.66914797e+002
       1092     2.66887668e+002
       1093     2.66860728e+002
       1094     2.66833986e+002
       1095     2.66807418e+002
       1096     2.66781024e+002
       1097     2.66754832e+002
       1098     2.66728868e+002
       1099     2.66703144e+002
       1100     2.66677633e+002
       1101     2.66652333e+002
       1102     2.66627271e+002
       1103     2.66602478e+002
       1104     2.66577967e+002
       1105     2.66553707e+002
       1106     2.66529691e+002
       1107     2.66505954e+002
       1108     2.66482531e+002
       1109     2.66459438e+002
       1110     2.66436643e+002
       1111     2.66414131e+002
       1112     2.66391936e+002
       1113     2.66370093e+002
       1114     2.66348618e+002
       1115     2.66327474e+002
       1116     2.66306642e+002
       1117     2.66286159e+002
       1118     2.66266065e+002
       1119     2.66246382e+002
       1120     2.66227070e+002
       1121     2.66208102e+002
       1122     2.66189510e+002
       1123     2.66171336e+002
       1124     2.66153597e+002
       1125     2.66136244e+002
       1126     2.66119247e+002
       1127     2.66102650e+002
       1128     2.66086508e+002
       1129     2.66070854e+002
       1130     2.66055628e+002
       1131     2.66040784e+002
       1132     2.66026367e+002
       1133     2.66012435e+002
       1134     2.65999022e+002
       1135     2.65986057e+002
       1136     2.65973480e+002
       1137     2.65961347e+002
       1138     2.65949733e+002
       1139     2.65938687e+002
       1140     2.65928112e+002
       1141     2.65917924e+002
       1142     2.65908200e+002
       1143     2.65899042e+002
       1144     2.65890528e+002
       1145     2.65882524e+002
       1146     2.65874902e+002
       1147     2.65867757e+002
       1148     2.65861227e+002
       1149     2.65855414e+002
       1150     2.65850092e+002
       1151     2.65845053e+002
       1152     2.65840483e+002
       1153     2.65836663e+002
       1154     2.65833831e+002
       1155     2.65831716e+002
       1156     2.65829888e+002
       1157     2.65828361e+002
       1158     2.65827284e+002
       1159     2.65826811e+002
       1160     2.65827101e+002
       1161     2.65828165e+002
       1162     2.65829832e+002
       1163     2.65831897e+002
       1164     2.65834176e+002
       1165     2.65836901e+002
       1166     2.65840432e+002
       1167     2.65844696e+002
       1168     2.65849455e+002
       1169     2.65854483e+002
       1170     2.65859836e+002
       1171     2.65865736e+002
       1172     2.65872174e+002
       1173     2.65879022e+002
       1174     2.65886158e+002
       1175     2.65893610e+002
       1176     2.65901500e+002
       1177     2.65909816e+002
       1178     2.65918471e+002
       1179     2.65927376e+002
       1180     2.65936542e+002
       1181     2.65946047e+002
       1182     2.65955881e+002
       1183     2.65965984e+002
       1184     2.65976294e+002
       1185     2.65986814e+002
       1186     2.65997598e+002
       1187     2.66008637e+002
       1188     2.66019873e+002
       1189     2.66031248e+002
       1190     2.66042753e+002
       1191     2.66054427e+002
       1192     2.66066269e+002
       1193     2.66078240e+002
       1194     2.66090300e+002
       1195     2.66102443e+002
       1196     2.66114701e+002
       1197     2.66127067e+002
       1198     2.66139500e+002
       1199     2.66151958e+002
       1200     2.66164421e+002
       1201     2.66176901e+002
       1202     2.66189414e+002
       1203     2.66201956e+002
       1204     2.66214526e+002
       1205     2.66227121e+002
       1206     2.66239741e+002
       1207     2.66252388e+002
       1208     2.66265064e+002
       1209     2.66277771e+002
       1210     2.66290511e+002
       1211     2.66303284e+002
       1212     2.66316088e+002
       1213     2.66328924e+002
       1214     2.66341792e+002
       1215     2.66354690e+002
       1216     2.66367618e+002
       1217     2.66380577e+002
       1218     2.66393569e+002
       1219     2.66406595e+002
       1220     2.66419658e+002
       1221     2.66432756e+002
       1222     2.66445890e+002
       1223     2.66459059e+002
       1224     2.66472267e+002
       1225     2.66485516e+002
       1226     2.66498806e+002
       1227     2.66512135e+002
       1228     2.66525504e+002
       1229     2.66538911e+002
       1230     2.66552357e+002
       1231     2.66565839e+002
       1232     2.66579359e+002
       1233     2.66592921e+002
       1234     2.66606528e+002
       1235     2.66620185e+002
       1236     2.66633893e+002
       1237     2.66647649e+002
       1238     2.66661451e+002
       1239     2.66675300e+002
       1240     2.66689195e+002
       1241     2.66703133e+002
       1242     2.66717115e+002
       1243     2.66731148e+002
       1244     2.66745237e+002
       1245     2.66759388e+002
       1246     2.66773604e+002
       1247     2.66787881e+002
       1248     2.66802216e+002
       1249     2.66816608e+002
       1250     2.66831051e+002
       1251     2.66845544e+002
       1252     2.66860089e+002
       1253     2.66874691e+002
       1254     2.66889357e+002
       1255     2.66904093e+002
       1256     2.66918898e+002
       1257     2.66933771e+002
       1258     2.66948712e+002
       1259     2.66963722e+002
       1260     2.66978803e+002
       1261     2.66993955e+002
       1262     2.67009180e+002
       1263     2.67024476e+002
       1264     2.67039843e+002
       1265     2.67055278e+002
       1266     2.67070782e+002
       1267     2.67086355e+002
       1268     2.67102000e+002
       1269     2.67117721e+002
       1270     2.67133521e+002
       1271     2.67149400e+002
       1272     2.67165357e+002
       1273     2.67181393e+002
       1274     2.67197514e+002
       1275     2.67213721e+002
       1276     2.67230019e+002
       1277     2.67246406e+002
       1278     2.67262881e+002
       1279     2.67279440e+002
       1280     2.67296079e+002
       1281     2.67312795e+002
       1282     2.67329590e+002
       1283     2.67346468e+002
       1284     2.67363435e+002
       1285     2.67380498e+002
       1286     2.67397659e+002
       1287     2.67414918e+002
       1288     2.67432271e+002
       1289     2.67449720e+002
       1290     2.67467260e+002
       1291     2.67484893e+002
       1292     2.67502619e+002
       1293     2.67520440e+002
       1294     2.67538359e+002
       1295     2.67556380e+002
       1296     2.67574504e+002
       1297     2.67592734e+002
       1298     2.67611067e+002
       1299     2.67629504e+002
       1300     2.67648039e+002
       1301     2.67666675e+002
       1302     2.67685410e+002
       1303     2.67704249e+002
       1304     2.67723194e+002
       1305     2.67742248e+002
       1306     2.67761416e+002
       1307     2.67780699e+002
       1308     2.67800096e+002
       1309     2.67819598e+002
       1310     2.67839201e+002
       1311     2.67858901e+002
       1312     2.67878703e+002
       1313     2.67898609e+002
       1314     2.67918617e+002
       1315     2.67938726e+002
       1316     2.67958936e+002
       1317     2.67979251e+002
       1318     2.67999669e+002
       1319     2.68020190e+002
       1320     2.68040806e+002
       1321     2.68061517e+002
       1322     2.68082327e+002
       1323     2.68103236e+002
       1324     2.68124245e+002
       1325     2.68145350e+002
       1326     2.68166553e+002
       1327     2.68187860e+002
       1328     2.68209269e+002
       1329     2.68230773e+002
       1330     2.68252362e+002
       1331     2.68274037e+002
       1332     2.68295813e+002
       1333     2.68317686e+002
       1334     2.68339630e+002
       1335     2.68361618e+002
       1336     2.68383637e+002
       1337     2.68405698e+002
       1338     2.68427809e+002
       1339     2.68449953e+002
       1340     2.68472111e+002
       1341     2.68494274e+002
       1342     2.68516458e+002
       1343     2.68538664e+002
       1344     2.68560868e+002
       1345     2.68583041e+002
       1346     2.68605165e+002
       1347     2.68627255e+002
       1348     2.68649322e+002
       1349     2.68671340e+002
       1350     2.68693285e+002
       1351     2.68715137e+002
       1352     2.68736911e+002
       1353     2.68758617e+002
       1354     2.68780236e+002
       1355     2.68801745e+002
       1356     2.68823129e+002
       1357     2.68844404e+002
       1358     2.68865582e+002
       1359     2.68886635e+002
       1360     2.68907534e+002
       1361     2.68928253e+002
       1362     2.68948809e+002
       1363     2.68969218e+002
       1364     2.68989460e+002
       1365     2.69009511e+002
       1366     2.69029349e+002
       1367     2.69048996e+002
       1368     2.69068468e+002
       1369     2.69087739e+002
       1370     2.69106772e+002
       1371     2.69125538e+002
       1372     2.69144057e+002
       1373     2.69162356e+002
       1374     2.69180411e+002
       1375     2.69198188e+002
       1376     2.69215654e+002
       1377     2.69232837e+002
       1378     2.69249766e+002
       1379     2.69266415e+002
       1380     2.69282744e+002
       1381     2.69298720e+002
       1382     2.69314371e+002
       1383     2.69329738e+002
       1384     2.69344791e+002
       1385     2.69359481e+002
       1386     2.69373763e+002
       1387     2.69387672e+002
       1388     2.69401262e+002
       1389     2.69414504e+002
       1390     2.69427340e+002
       1391     2.69439717e+002
       1392     2.69451679e+002
       1393     2.69463300e+002
       1394     2.69474545e+002
       1395     2.69485338e+002
       1396     2.69495607e+002
       1397     2.69505409e+002
       1398     2.69514846e+002
       1399     2.69523886e+002
       1400     2.69532425e+002
       1401     2.69540367e+002
       1402     2.69547796e+002
       1403     2.69554869e+002
       1404     2.69561538e+002
       1405     2.69567646e+002
       1406     2.69573038e+002
       1407     2.69577858e+002
       1408     2.69582393e+002
       1409     2.69586559e+002
       1410     2.69590061e+002
       1411     2.69592605e+002
       1412     2.69594288e+002
       1413     2.69595579e+002
       1414     2.69596665e+002
       1415     2.69597463e+002
       1416     2.69597890e+002
       1417     2.69597754e+002
       1418     2.69596871e+002
       1419     2.69595316e+002
       1420     2.69593314e+002
       1421     2.69591086e+002
       1422     2.69588596e+002
       1423     2.69585516e+002
       1424     2.69581771e+002
       1425     2.69577559e+002
       1426     2.69573076e+002
       1427     2.69568372e+002
       1428     2.69563269e+002
       1429     2.69557707e+002
       1430     2.69551805e+002
       1431     2.69545681e+002
       1432     2.69539376e+002
       1433     2.69532797e+002
       1434     2.69525912e+002
       1435     2.69518806e+002
       1436     2.69511565e+002
       1437     2.69504228e+002
       1438     2.69496742e+002
       1439     2.69489087e+002
       1440     2.69481316e+002
       1441     2.69473482e+002
       1442     2.69465610e+002
       1443     2.69457663e+002
       1444     2.69449634e+002
       1445     2.69441574e+002
       1446     2.69433538e+002
       1447     2.69425555e+002
       1448     2.69417591e+002
       1449     2.69409633e+002
       1450     2.69401733e+002
       1451     2.69393946e+002
       1452     2.69386301e+002
       1453     2.69378757e+002
       1454     2.69371298e+002
       1455     2.69363982e+002
       1456     2.69356866e+002
       1457     2.69349984e+002
       1458     2.69343275e+002
       1459     2.69336714e+002
       1460     2.69330375e+002
       1461     2.69324339e+002
       1462     2.69318648e+002
       1463     2.69313202e+002
       1464     2.69307948e+002
       1465     2.69302996e+002
       1466     2.69298471e+002
       1467     2.69294431e+002
       1468     2.69290672e+002
       1469     2.69287079e+002
       1470     2.69283868e+002
       1471     2.69281292e+002
       1472     2.69279524e+002
       1473     2.69278289e+002
       1474     2.69277244e+002
       1475     2.69276408e+002
       1476     2.69275852e+002
       1477     2.69275673e+002
       1478     2.69276042e+002
       1479     2.69277005e+002
       1480     2.69278408e+002
       1481     2.69280063e+002
       1482     2.69281827e+002
       1483     2.69283853e+002
       1484     2.69286333e+002
       1485     2.69289179e+002
       1486     2.69292241e+002
       1487     2.69295391e+002
       1488     2.69298673e+002
       1489     2.69302188e+002
       1490     2.69305892e+002
       1491     2.69309702e+002
       1492     2.69313542e+002
       1493     2.69317431e+002
       1494     2.69321415e+002
       1495     2.69325463e+002
       1496     2.69329521e+002
       1497     2.69333536e+002
       1498     2.69337528e+002
       1499     2.69341532e+002
       1500     2.69345508e+002
       1501     2.69349394e+002
       1502     2.69353127e+002
       1503     2.69356738e+002
       1504     2.69360280e+002
       1505     2.69363708e+002
       1506     2.69366938e+002
       1507     2.69369893e+002
       1508     2.69372660e+002
       1509     2.69375355e+002
       1510     2.69377872e+002
       1511     2.69380026e+002
       1512     2.69381635e+002
       1513     2.69382783e+002
       1514     2.69383734e+002
       1515     2.69384540e+002
       1516     2.69385129e+002
       1517     2.69385426e+002
       1518     2.69385236e+002
       1519     2.69384382e+002
       1520     2.69382938e+002
       1521     2.69381081e+002
       1522     2.69378992e+002
       1523     2.69376516e+002
       1524     2.69373269e+002
       1525     2.69369208e+002
       1526     2.69364525e+002
       1527     2.69359417e+002
       1528     2.69353824e+002
       1529     2.69347450e+002
       1530     2.69340220e+002
       1531     2.69332270e+002
       1532     2.69323735e+002
       1533     2.69314557e+002
       1534     2.69304486e+002
       1535     2.69293465e+002
       1536     2.69281635e+002
       1537     2.69269138e+002
       1538     2.69255929e+002
       1539     2.69241763e+002
       1540     2.69226615e+002
       1541     2.69210700e+002
       1542     2.69194229e+002
       1543     2.69177256e+002
       1544     2.69159591e+002
       1545     2.69141187e+002
       1546     2.69122220e+002
       1547     2.69102867e+002
       1548     2.69083193e+002
       1549     2.69063072e+002
       1550     2.69042469e+002
       1551     2.69021527e+002
       1552     2.69000388e+002
       1553     2.68979119e+002
       1554     2.68957627e+002
       1555     2.68935887e+002
       1556     2.68914023e+002
       1557     2.68892166e+002
       1558     2.68870382e+002
       1559     2.68848599e+002
       1560     2.68826788e+002
       1561     2.68805052e+002
       1562     2.68783504e+002
       1563     2.68762211e+002
       1564     2.68741117e+002
       1565     2.68720185e+002
       1566     2.68699480e+002
       1567     2.68679070e+002
       1568     2.68658999e+002
       1569     2.68639213e+002
       1570     2.68619686e+002
       1571     2.68600476e+002
       1572     2.68581647e+002
       1573     2.68563234e+002
       1574     2.68545176e+002
       1575     2.68527439e+002
       1576     2.68510092e+002
       1577     2.68493215e+002
       1578     2.68476856e+002
       1579     2.68460930e+002
       1580     2.68445384e+002
       1581     2.68430303e+002
       1582     2.68415789e+002
       1583     2.68401908e+002
       1584     2.68388533e+002
       1585     2.68375576e+002
       1586     2.68363165e+002
       1587     2.68351452e+002
       1588     2.68340539e+002
       1589     2.68330233e+002
       1590     2.68320375e+002
       1591     2.68311138e+002
       1592     2.68302752e+002
       1593     2.68295359e+002
       1594     2.68288565e+002
       1595     2.68282077e+002
       1596     2.68276274e+002
       1597     2.68271659e+002
       1598     2.68268644e+002
       1599     2.68266769e+002
       1600     2.68265283e+002
       1601     2.68264099e+002
       1602     2.68263301e+002
       1603     2.68263031e+002
       1604     2.68263948e+002
       1605     2.68266545e+002
       1606     2.68270501e+002
       1607     2.68275310e+002
       1608     2.68280527e+002
       1609     2.68286567e+002
       1610     2.68294118e+002
       1611     2.68303073e+002
       1612     2.68313064e+002
       1613     2.68323755e+002
       1614     2.68335408e+002
       1615     2.68348491e+002
       1616     2.68362906e+002
       1617     2.68378339e+002
       1618     2.68394494e+002
       1619     2.68411505e+002
       1620     2.68429700e+002
       1621     2.68449003e+002
       1622     2.68469158e+002
       1623     2.68489921e+002
       1624     2.68511343e+002
       1625     2.68533642e+002
       1626     2.68556770e+002
       1627     2.68580538e+002
       1628     2.68604760e+002
       1629     2.68629449e+002
       1630     2.68654752e+002
       1631     2.68680633e+002
       1632     2.68706943e+002
       1633     2.68733536e+002
       1634     2.68760387e+002
       1635     2.68787585e+002
       1636     2.68815134e+002
       1637     2.68842962e+002
       1638     2.68871002e+002
       1639     2.68899231e+002
       1640     2.68927689e+002
       1641     2.68956387e+002
       1642     2.68985302e+002
       1643     2.69014414e+002
       1644     2.69043722e+002
       1645     2.69073246e+002
       1646     2.69102982e+002
       1647     2.69132905e+002
       1648     2.69162991e+002
       1649     2.69193233e+002
       1650     2.69223643e+002
       1651     2.69254227e+002
       1652     2.69284973e+002
       1653     2.69315869e+002
       1654     2.69346917e+002
       1655     2.69378129e+002
       1656     2.69409501e+002
       1657     2.69441013e+002
       1658     2.69472639e+002
       1659     2.69504371e+002
       1660     2.69536221e+002
       1661     2.69568194e+002
       1662     2.69600276e+002
       1663     2.69632455e+002
       1664     2.69664729e+002
       1665     2.69697108e+002
       1666     2.69729592e+002
       1667     2.69762162e+002
       1668     2.69794800e+002
       1669     2.69827495e+002
       1670     2.69860256e+002
       1671     2.69893090e+002
       1672     2.69925983e+002
       1673     2.69958919e+002
       1674     2.69991891e+002
       1675     2.70024906e+002
       1676     2.70057968e+002
       1677     2.70091067e+002
       1678     2.70124195e+002
       1679     2.70157344e+002
       1680     2.70190514e+002
       1681     2.70223708e+002
       1682     2.70256933e+002
       1683     2.70290191e+002
       1684     2.70323489e+002
       1685     2.70356825e+002
       1686     2.70390198e+002
       1687     2.70423605e+002
       1688     2.70457044e+002
       1689     2.70490513e+002
       1690     2.70524010e+002
       1691     2.70557538e+002
       1692     2.70591099e+002
       1693     2.70624693e+002
       1694     2.70658324e+002
       1695     2.70691993e+002
       1696     2.70725697e+002
       1697     2.70759436e+002
       1698     2.70793210e+002
       1699     2.70827020e+002
       1700     2.70860867e+002
       1701     2.70894752e+002
       1702     2.70928671e+002
       1703     2.70962622e+002
       1704     2.70996602e+002
       1705     2.71030608e+002
       1706     2.71064642e+002
       1707     2.71098708e+002
       1708     2.71132815e+002
       1709     2.71166970e+002
       1710     2.71201178e+002
       1711     2.71235438e+002
       1712     2.71269738e+002
       1713     2.71304067e+002
       1714     2.71338414e+002
       1715     2.71372782e+002
       1716     2.71407178e+002
       1717     2.71441596e+002
       1718     2.71476026e+002
       1719     2.71510460e+002
       1720     2.71544902e+002
       1721     2.71579360e+002
       1722     2.71613822e+002
       1723     2.71648279e+002
       1724     2.71682720e+002
       1725     2.71717150e+002
       1726     2.71751578e+002
       1727     2.71785993e+002
       1728     2.71820375e+002
       1729     2.71854706e+002
       1730     2.71888988e+002
       1731     2.71923233e+002
       1732     2.71957434e+002
       1733     2.71991577e+002
       1734     2.72025648e+002
       1735     2.72059662e+002
       1736     2.72093633e+002
       1737     2.72127537e+002
       1738     2.72161333e+002
       1739     2.72194981e+002
       1740     2.72228500e+002
       1741     2.72261927e+002
       1742     2.72295225e+002
       1743     2.72328315e+002
       1744     2.72361123e+002
       1745     2.72393655e+002
       1746     2.72425968e+002
       1747     2.72458037e+002
       1748     2.72489780e+002
       1749     2.72521120e+002
       1750     2.72552063e+002
       1751     2.72582680e+002
       1752     2.72612945e+002
       1753     2.72642765e+002
       1754     2.72672044e+002
       1755     2.72700768e+002
       1756     2.72729008e+002
       1757     2.72756780e+002
       1758     2.72784031e+002
       1759     2.72810713e+002
       1760     2.72836800e+002
       1761     2.72862327e+002
       1762     2.72887340e+002
       1763     2.72911873e+002
       1764     2.72935957e+002
       1765     2.72959605e+002
       1766     2.72982806e+002
       1767     2.73005583e+002
       1768     2.73027986e+002
       1769     2.73050068e+002
       1770     2.73071845e+002
       1771     2.73093294e+002
       1772     2.73114423e+002
       1773     2.73135292e+002
       1774     2.73155961e+002
       1775     2.73176455e+002
       1776     2.73196736e+002
       1777     2.73216804e+002
       1778     2.73236725e+002
       1779     2.73256566e+002
       1780     2.73276356e+002
       1781     2.73296051e+002
       1782     2.73315646e+002
       1783     2.73335206e+002
       1784     2.73354800e+002
       1785     2.73374466e+002
       1786     2.73394165e+002
       1787     2.73413881e+002
       1788     2.73433672e+002
       1789     2.73453598e+002
       1790     2.73473697e+002
       1791     2.73493936e+002
       1792     2.73514298e+002
       1793     2.73534839e+002
       1794     2.73555619e+002
       1795     2.73576677e+002
       1796     2.73597988e+002
       1797     2.73619537e+002
       1798     2.73641377e+002
       1799     2.73663564e+002
       1800     2.73686141e+002
       1801     2.73709098e+002
       1802     2.73732425e+002
       1803     2.73756160e+002
       1804     2.73780341e+002
       1805     2.73805003e+002
       1806     2.73830151e+002
       1807     2.73855789e+002
       1808     2.73881941e+002
       1809     2.73908632e+002
       1810     2.73935887e+002
       1811     2.73963724e+002
       1812     2.73992157e+002
       1813     2.74021206e+002
       1814     2.74050890e+002
       1815     2.74081231e+002
       1816     2.74112262e+002
       1817     2.74144008e+002
       1818     2.74176473e+002
       1819     2.74209656e+002
       1820     2.74243564e+002
       1821     2.74278231e+002
       1822     2.74313694e+002
       1823     2.74349963e+002
       1824     2.74387040e+002
       1825     2.74424930e+002
       1826     2.74463680e+002
       1827     2.74503332e+002
       1828     2.74543885e+002
       1829     2.74585332e+002
       1830     2.74627664e+002
       1831     2.74670926e+002
       1832     2.74715171e+002
       1833     2.74760406e+002
       1834     2.74806622e+002
       1835     2.74853815e+002
       1836     2.74902038e+002
       1837     2.74951349e+002
       1838     2.75001747e+002
       1839     2.75053210e+002
       1840     2.75106110e+002
       1841     2.75166731e+002
       1842     2.75237661e+002
       1843     2.75308602e+002
       1844     2.75365607e+002
       1845     2.75395285e+002
       1846     2.75401522e+002
       1847     2.75401070e+002
       1848     2.75400512e+002
       1849     2.75400120e+002
       1850     2.75450000e+002
       1851     2.75550000e+002
       1852     2.75650000e+002
       1853     2.75750000e+002
       1854     2.75850000e+002
       1855     2.75950000e+002
       1856     2.76050000e+002
       1857     2.76150000e+002
       1858     2.76250000e+002
       1859     2.76350000e+002
       1860     2.76450000e+002
       1861     2.76550000e+002
       1862     2.76650000e+002
       1863     2.76750000e+002
       1864     2.76850000e+002
       1865     2.76950000e+002
       1866     2.77050000e+002
       1867     2.77150000e+002
       1868     2.77250000e+002
       1869     2.77350000e+002
       1870     2.77400000e+002
       1871     2.77450000e+002
       1872     2.77550000e+002
       1873     2.77650000e+002
       1874     2.77750000e+002
       1875     2.77800000e+002
       1876     2.77850000e+002
       1877     2.77950000e+002
       1878     2.78050000e+002
       1879     2.78150000e+002
       1880     2.78250000e+002
       1881     2.78350000e+002
       1882     2.78450000e+002
       1883     2.78550000e+002
       1884     2.78650000e+002
       1885     2.78750000e+002
       1886     2.78850000e+002
       1887     2.78900000e+002
       1888     2.78950000e+002
       1889     2.79050000e+002
       1890     2.79150000e+002
       1891     2.79250000e+002
       1892     2.79350000e+002
       1893     2.79400000e+002
       1894     2.79450000e+002
       1895     2.79500000e+002
       1896     2.79550000e+002
       1897     2.79650000e+002
       1898     2.79700000e+002
       1899     2.79750000e+002
       1900     2.79850000e+002
       1901     2.79950000e+002
       1902     2.80050000e+002
       1903     2.80150000e+002
       1904     2.80250000e+002
       1905     2.80350000e+002
       1906     2.80450000e+002
       1907     2.80600000e+002
       1908     2.80750000e+002
       1909     2.80900000e+002
       1910     2.81050000e+002
       1911     2.81200000e+002
       1912     2.81400000e+002
       1913     2.81550000e+002
       1914     2.81700000e+002
       1915     2.81900000e+002
       1916     2.82100000e+002
       1917     2.82350000e+002
       1918     2.82600000e+002
       1919     2.82800000e+002
       1920     2.83050000e+002
       1921     2.83300000e+002
       1922     2.83500000e+002
       1923     2.83700000e+002
       1924     2.83900000e+002
       1925     2.84100000e+002
       1926     2.84350000e+002
       1927     2.84550000e+002
       1928     2.84700000e+002
       1929     2.84900000e+002
       1930     2.85050000e+002
       1931     2.85200000e+002
       1932     2.85400000e+002
       1933     2.85600000e+002
       1934     2.85800000e+002
       1935     2.86000000e+002
       1936     2.86200000e+002
       1937     2.86350000e+002
       1938     2.86500000e+002
       1939     2.86650000e+002
       1940     2.86800000e+002
       1941     2.87000000e+002
       1942     2.87200000e+002
       1943     2.87400000e+002
       1944     2.87650000e+002
       1945     2.87900000e+002
       1946     2.88150000e+002
       1947     2.88400000e+002
       1948     2.88650000e+002
       1949     2.88900000e+002
       1950     2.89100000e+002
       1951     2.89300000e+002
       1952     2.89550000e+002
       1953     2.89800000e+002
       1954     2.90000000e+002
       1955     2.90250000e+002
       1956     2.90500000e+002
       1957     2.90700000e+002
       1958     2.90950000e+002
       1959     2.91250000e+002
       1960     2.91550000e+002
       1961     2.91800000e+002
       1962     2.92050000e+002
       1963     2.92400000e+002
       1964     2.92800000e+002
       1965     2.93200000e+002
       1966     2.93600000e+002
       1967     2.94000000e+002
       1968     2.94450000e+002
       1969     2.94950000e+002
       1970     2.95450000e+002
       1971     2.95950000e+002
       1972     2.96500000e+002
       1973     2.97100000e+002
       1974     2.97700000e+002
       1975     2.98300000e+002
       1976     2.99000000e+002
       1977     2.99720000e+002
       1978     3.00445000e+002
       1979     3.01035000e+002
       1980     3.01730000e+002
       1981     3.02710000e+002
       1982     3.03485000e+002
       1983     3.04125000e+002
       1984     3.04670000e+002
       1985     3.05505000e+002
       1986     3.06040000e+002
       1987     3.06485000e+002
       1988     3.07905000e+002
       1989     3.09110000e+002
       1990     3.09860000e+002
       1991     3.10365000e+002
       1992     3.10840000e+002
       1993     3.11315000e+002
       1994     3.11890000e+002
       1995     3.12700000e+002
       1996     3.13395000e+002
       1997     3.14125000e+002
       1998     3.14940000e+002
       1999     3.15575000e+002
       2000     3.16125000e+002
       2001     3.16850000e+002
       2002     3.17640000e+002
       2003     3.18395000e+002
       2004     3.19025000e+002
       2005     3.19855000e+002
       2006     3.20700000e+002
       2007     3.21490000e+002
       2008     3.22390000e+002
