 
__MAGICC 6.X MISC DATA OUTPUT FILE__ 
 
OUTPUT:   Inverse emission estimate of C2F6 
RUN:     RCP_30Oct 
RUN_ID:             1 
DATE:    No Date specified. 
MAGICC-VERSION:   6.3.01 BETA, 30 September 2009 
GAS:   C2F6 
 
COMPILED BY:  Malte Meinshausen, malte.meinshausen@pik-potsdam.de, www.primap.org 
SOURCE:  Inverse emisisons of C2F6 estimated from default lifetime and atmospheric abundance observations. 
NOTE:   For RCP distribution, 30 October 2009 
 

&THISFILE_SPECIFICATIONS 
 THISFILE_DATACOLUMNS    =    1  ,
 THISFILE_FIRSTYEAR      = 1765  ,
 THISFILE_LASTYEAR       = 2005  ,
 THISFILE_ANNUALSTEPS    =    1  ,
 THISFILE_FIRSTDATAROW   =   27  ,
 THISFILE_UNITS          = kt  ,
 THISFILE_DATTYPE        = FOURBOXDATA  ,
/  

    COLCODE              GLOBAL
       1765     0.00000000e+000 
       1766     0.00000000e+000 
       1767     0.00000000e+000 
       1768     0.00000000e+000 
       1769     0.00000000e+000 
       1770     0.00000000e+000 
       1771     0.00000000e+000 
       1772     0.00000000e+000 
       1773     0.00000000e+000 
       1774     0.00000000e+000 
       1775     0.00000000e+000 
       1776     0.00000000e+000 
       1777     0.00000000e+000 
       1778     0.00000000e+000 
       1779     0.00000000e+000 
       1780     0.00000000e+000 
       1781     0.00000000e+000 
       1782     0.00000000e+000 
       1783     0.00000000e+000 
       1784     0.00000000e+000 
       1785     0.00000000e+000 
       1786     0.00000000e+000 
       1787     0.00000000e+000 
       1788     0.00000000e+000 
       1789     0.00000000e+000 
       1790     0.00000000e+000 
       1791     0.00000000e+000 
       1792     0.00000000e+000 
       1793     0.00000000e+000 
       1794     0.00000000e+000 
       1795     0.00000000e+000 
       1796     0.00000000e+000 
       1797     0.00000000e+000 
       1798     0.00000000e+000 
       1799     0.00000000e+000 
       1800     0.00000000e+000 
       1801     0.00000000e+000 
       1802     0.00000000e+000 
       1803     0.00000000e+000 
       1804     0.00000000e+000 
       1805     0.00000000e+000 
       1806     0.00000000e+000 
       1807     0.00000000e+000 
       1808     0.00000000e+000 
       1809     0.00000000e+000 
       1810     0.00000000e+000 
       1811     0.00000000e+000 
       1812     0.00000000e+000 
       1813     0.00000000e+000 
       1814     0.00000000e+000 
       1815     0.00000000e+000 
       1816     0.00000000e+000 
       1817     0.00000000e+000 
       1818     0.00000000e+000 
       1819     0.00000000e+000 
       1820     0.00000000e+000 
       1821     0.00000000e+000 
       1822     0.00000000e+000 
       1823     0.00000000e+000 
       1824     0.00000000e+000 
       1825     0.00000000e+000 
       1826     0.00000000e+000 
       1827     0.00000000e+000 
       1828     0.00000000e+000 
       1829     0.00000000e+000 
       1830     0.00000000e+000 
       1831     0.00000000e+000 
       1832     0.00000000e+000 
       1833     0.00000000e+000 
       1834     0.00000000e+000 
       1835     0.00000000e+000 
       1836     0.00000000e+000 
       1837     0.00000000e+000 
       1838     0.00000000e+000 
       1839     0.00000000e+000 
       1840     0.00000000e+000 
       1841     0.00000000e+000 
       1842     0.00000000e+000 
       1843     0.00000000e+000 
       1844     0.00000000e+000 
       1845     0.00000000e+000 
       1846     0.00000000e+000 
       1847     0.00000000e+000 
       1848     0.00000000e+000 
       1849     0.00000000e+000 
       1850     0.00000000e+000 
       1851     0.00000000e+000 
       1852     0.00000000e+000 
       1853     0.00000000e+000 
       1854     0.00000000e+000 
       1855     0.00000000e+000 
       1856     0.00000000e+000 
       1857     0.00000000e+000 
       1858     0.00000000e+000 
       1859     0.00000000e+000 
       1860     0.00000000e+000 
       1861     0.00000000e+000 
       1862     0.00000000e+000 
       1863     0.00000000e+000 
       1864     0.00000000e+000 
       1865     0.00000000e+000 
       1866     0.00000000e+000 
       1867     0.00000000e+000 
       1868     0.00000000e+000 
       1869     0.00000000e+000 
       1870     0.00000000e+000 
       1871     0.00000000e+000 
       1872     0.00000000e+000 
       1873     0.00000000e+000 
       1874     0.00000000e+000 
       1875     0.00000000e+000 
       1876     0.00000000e+000 
       1877     0.00000000e+000 
       1878     0.00000000e+000 
       1879     0.00000000e+000 
       1880     0.00000000e+000 
       1881     0.00000000e+000 
       1882     0.00000000e+000 
       1883     0.00000000e+000 
       1884     0.00000000e+000 
       1885     0.00000000e+000 
       1886     0.00000000e+000 
       1887     0.00000000e+000 
       1888     0.00000000e+000 
       1889     0.00000000e+000 
       1890     0.00000000e+000 
       1891     0.00000000e+000 
       1892     0.00000000e+000 
       1893     0.00000000e+000 
       1894     0.00000000e+000 
       1895     0.00000000e+000 
       1896     0.00000000e+000 
       1897     0.00000000e+000 
       1898     0.00000000e+000 
       1899     9.59118850e-001 
       1900     5.05758470e-002 
       1901     5.32377320e-002 
       1902     5.60397190e-002 
       1903     5.89891770e-002 
       1904     6.20938730e-002 
       1905     6.53619690e-002 
       1906     6.88020750e-002 
       1907     7.24232350e-002 
       1908     7.62349860e-002 
       1909     8.02473520e-002 
       1910     8.44708980e-002 
       1911     8.89167330e-002 
       1912     9.35965630e-002 
       1913     9.85226970e-002 
       1914     1.03708100e-001 
       1915     1.09166420e-001 
       1916     1.14912020e-001 
       1917     1.20960020e-001 
       1918     1.27326360e-001 
       1919     1.34027710e-001 
       1920     1.41081830e-001 
       1921     1.48507190e-001 
       1922     1.56323340e-001 
       1923     1.64550890e-001 
       1924     1.73211460e-001 
       1925     1.82327860e-001 
       1926     1.91924050e-001 
       1927     2.02025320e-001 
       1928     2.12658240e-001 
       1929     2.23850790e-001 
       1930     2.35632390e-001 
       1931     2.48034120e-001 
       1932     2.61088520e-001 
       1933     2.74830040e-001 
       1934     2.89294760e-001 
       1935     3.04520820e-001 
       1936     3.20548210e-001 
       1937     3.37419170e-001 
       1938     3.55178080e-001 
       1939     3.73871690e-001 
       1940     3.93549120e-001 
       1941     4.14262230e-001 
       1942     3.94682870e-001 
       1943     3.78321870e-001 
       1944     3.64076400e-001 
       1945     3.51946790e-001 
       1946     3.41933110e-001 
       1947     3.34035720e-001 
       1948     3.28254720e-001 
       1949     3.24590370e-001 
       1950     3.23042860e-001 
       1951     3.23612420e-001 
       1952     3.26299270e-001 
       1953     3.31103600e-001 
       1954     3.38025630e-001 
       1955     3.47065570e-001 
       1956     3.58223650e-001 
       1957     3.71500010e-001 
       1958     3.86894990e-001 
       1959     4.04408670e-001 
       1960     4.24041350e-001 
       1961     4.45793200e-001 
       1962     4.69664440e-001 
       1963     4.95655310e-001 
       1964     5.23765960e-001 
       1965     5.53996670e-001 
       1966     5.86347610e-001 
       1967     6.20818990e-001 
       1968     6.57411040e-001 
       1969     6.96123980e-001 
       1970     7.36957980e-001 
       1971     7.79913300e-001 
       1972     8.24990110e-001 
       1973     8.72188680e-001 
       1974     9.21509200e-001 
       1975     9.72951720e-001 
       1976     1.02651670e+000 
       1977     1.08220440e+000 
       1978     1.14001460e+000 
       1979     1.19994810e+000 
       1980     1.26200430e+000 
       1981     1.32618460e+000 
       1982     1.39248800e+000 
       1983     1.46091530e+000 
       1984     1.53146690e+000 
       1985     1.60414260e+000 
       1986     1.67894300e+000 
       1987     1.75586750e+000 
       1988     1.83491760e+000 
       1989     1.91609240e+000 
       1990     2.07356780e+000 
       1991     2.37291010e+000 
       1992     2.37314690e+000 
       1993     2.37338370e+000 
       1994     2.37362050e+000 
       1995     2.37385730e+000 
       1996     2.37409410e+000 
       1997     2.37433090e+000 
       1998     2.37456770e+000 
       1999     2.37480450e+000 
       2000     2.37490000e+000 
       2001     2.43450000e+000 
       2002     2.49150000e+000 
       2003     2.54630000e+000 
       2004     2.59900000e+000 
       2005     2.64940000e+000 
