
__MAGICC 6.X DATA FILE__ 

Description: HFC227EA EDGAR4-HISTORY; MAGICC 6.X data file build for EDGAR4- HISTORY - HFC227EA derived from PRIMAPDB with retrieval setting set histemisfile for source EDGAR4 and scenario HISTORY - Historical fossil&industrial HFC227EA (HFC227EAI) Emissions
Compiled by: Malte Meinshausen, PIK Potsdam, malte.meinshausen@pik-potsdam.de 
Date: 25-Oct-2009 13:32:51  

&THISFILE_SPECIFICATIONS 
 THISFILE_DATACOLUMNS    =    6  ,
 THISFILE_FIRSTYEAR      = 1765  ,
 THISFILE_LASTYEAR       = 2005  ,
 THISFILE_ANNUALSTEPS    =    1  ,
 THISFILE_FIRSTDATAROW   =   19  ,
 THISFILE_UNITS          = kt  ,
 THISFILE_DATTYPE        = REGIONDATA  ,
/

    COLCODE              R5OECD               R5REF              R5ASIA               R5MAF               R5LAM             BUNKERS
       1765     0.00000000e+000     0.00000000e+000     0.00000000e+000     0.00000000e+000     0.00000000e+000     0.00000000e+000 
       1766     0.00000000e+000     0.00000000e+000     0.00000000e+000     0.00000000e+000     0.00000000e+000     0.00000000e+000 
       1767     0.00000000e+000     0.00000000e+000     0.00000000e+000     0.00000000e+000     0.00000000e+000     0.00000000e+000 
       1768     0.00000000e+000     0.00000000e+000     0.00000000e+000     0.00000000e+000     0.00000000e+000     0.00000000e+000 
       1769     0.00000000e+000     0.00000000e+000     0.00000000e+000     0.00000000e+000     0.00000000e+000     0.00000000e+000 
       1770     0.00000000e+000     0.00000000e+000     0.00000000e+000     0.00000000e+000     0.00000000e+000     0.00000000e+000 
       1771     0.00000000e+000     0.00000000e+000     0.00000000e+000     0.00000000e+000     0.00000000e+000     0.00000000e+000 
       1772     0.00000000e+000     0.00000000e+000     0.00000000e+000     0.00000000e+000     0.00000000e+000     0.00000000e+000 
       1773     0.00000000e+000     0.00000000e+000     0.00000000e+000     0.00000000e+000     0.00000000e+000     0.00000000e+000 
       1774     0.00000000e+000     0.00000000e+000     0.00000000e+000     0.00000000e+000     0.00000000e+000     0.00000000e+000 
       1775     0.00000000e+000     0.00000000e+000     0.00000000e+000     0.00000000e+000     0.00000000e+000     0.00000000e+000 
       1776     0.00000000e+000     0.00000000e+000     0.00000000e+000     0.00000000e+000     0.00000000e+000     0.00000000e+000 
       1777     0.00000000e+000     0.00000000e+000     0.00000000e+000     0.00000000e+000     0.00000000e+000     0.00000000e+000 
       1778     0.00000000e+000     0.00000000e+000     0.00000000e+000     0.00000000e+000     0.00000000e+000     0.00000000e+000 
       1779     0.00000000e+000     0.00000000e+000     0.00000000e+000     0.00000000e+000     0.00000000e+000     0.00000000e+000 
       1780     0.00000000e+000     0.00000000e+000     0.00000000e+000     0.00000000e+000     0.00000000e+000     0.00000000e+000 
       1781     0.00000000e+000     0.00000000e+000     0.00000000e+000     0.00000000e+000     0.00000000e+000     0.00000000e+000 
       1782     0.00000000e+000     0.00000000e+000     0.00000000e+000     0.00000000e+000     0.00000000e+000     0.00000000e+000 
       1783     0.00000000e+000     0.00000000e+000     0.00000000e+000     0.00000000e+000     0.00000000e+000     0.00000000e+000 
       1784     0.00000000e+000     0.00000000e+000     0.00000000e+000     0.00000000e+000     0.00000000e+000     0.00000000e+000 
       1785     0.00000000e+000     0.00000000e+000     0.00000000e+000     0.00000000e+000     0.00000000e+000     0.00000000e+000 
       1786     0.00000000e+000     0.00000000e+000     0.00000000e+000     0.00000000e+000     0.00000000e+000     0.00000000e+000 
       1787     0.00000000e+000     0.00000000e+000     0.00000000e+000     0.00000000e+000     0.00000000e+000     0.00000000e+000 
       1788     0.00000000e+000     0.00000000e+000     0.00000000e+000     0.00000000e+000     0.00000000e+000     0.00000000e+000 
       1789     0.00000000e+000     0.00000000e+000     0.00000000e+000     0.00000000e+000     0.00000000e+000     0.00000000e+000 
       1790     0.00000000e+000     0.00000000e+000     0.00000000e+000     0.00000000e+000     0.00000000e+000     0.00000000e+000 
       1791     0.00000000e+000     0.00000000e+000     0.00000000e+000     0.00000000e+000     0.00000000e+000     0.00000000e+000 
       1792     0.00000000e+000     0.00000000e+000     0.00000000e+000     0.00000000e+000     0.00000000e+000     0.00000000e+000 
       1793     0.00000000e+000     0.00000000e+000     0.00000000e+000     0.00000000e+000     0.00000000e+000     0.00000000e+000 
       1794     0.00000000e+000     0.00000000e+000     0.00000000e+000     0.00000000e+000     0.00000000e+000     0.00000000e+000 
       1795     0.00000000e+000     0.00000000e+000     0.00000000e+000     0.00000000e+000     0.00000000e+000     0.00000000e+000 
       1796     0.00000000e+000     0.00000000e+000     0.00000000e+000     0.00000000e+000     0.00000000e+000     0.00000000e+000 
       1797     0.00000000e+000     0.00000000e+000     0.00000000e+000     0.00000000e+000     0.00000000e+000     0.00000000e+000 
       1798     0.00000000e+000     0.00000000e+000     0.00000000e+000     0.00000000e+000     0.00000000e+000     0.00000000e+000 
       1799     0.00000000e+000     0.00000000e+000     0.00000000e+000     0.00000000e+000     0.00000000e+000     0.00000000e+000 
       1800     0.00000000e+000     0.00000000e+000     0.00000000e+000     0.00000000e+000     0.00000000e+000     0.00000000e+000 
       1801     0.00000000e+000     0.00000000e+000     0.00000000e+000     0.00000000e+000     0.00000000e+000     0.00000000e+000 
       1802     0.00000000e+000     0.00000000e+000     0.00000000e+000     0.00000000e+000     0.00000000e+000     0.00000000e+000 
       1803     0.00000000e+000     0.00000000e+000     0.00000000e+000     0.00000000e+000     0.00000000e+000     0.00000000e+000 
       1804     0.00000000e+000     0.00000000e+000     0.00000000e+000     0.00000000e+000     0.00000000e+000     0.00000000e+000 
       1805     0.00000000e+000     0.00000000e+000     0.00000000e+000     0.00000000e+000     0.00000000e+000     0.00000000e+000 
       1806     0.00000000e+000     0.00000000e+000     0.00000000e+000     0.00000000e+000     0.00000000e+000     0.00000000e+000 
       1807     0.00000000e+000     0.00000000e+000     0.00000000e+000     0.00000000e+000     0.00000000e+000     0.00000000e+000 
       1808     0.00000000e+000     0.00000000e+000     0.00000000e+000     0.00000000e+000     0.00000000e+000     0.00000000e+000 
       1809     0.00000000e+000     0.00000000e+000     0.00000000e+000     0.00000000e+000     0.00000000e+000     0.00000000e+000 
       1810     0.00000000e+000     0.00000000e+000     0.00000000e+000     0.00000000e+000     0.00000000e+000     0.00000000e+000 
       1811     0.00000000e+000     0.00000000e+000     0.00000000e+000     0.00000000e+000     0.00000000e+000     0.00000000e+000 
       1812     0.00000000e+000     0.00000000e+000     0.00000000e+000     0.00000000e+000     0.00000000e+000     0.00000000e+000 
       1813     0.00000000e+000     0.00000000e+000     0.00000000e+000     0.00000000e+000     0.00000000e+000     0.00000000e+000 
       1814     0.00000000e+000     0.00000000e+000     0.00000000e+000     0.00000000e+000     0.00000000e+000     0.00000000e+000 
       1815     0.00000000e+000     0.00000000e+000     0.00000000e+000     0.00000000e+000     0.00000000e+000     0.00000000e+000 
       1816     0.00000000e+000     0.00000000e+000     0.00000000e+000     0.00000000e+000     0.00000000e+000     0.00000000e+000 
       1817     0.00000000e+000     0.00000000e+000     0.00000000e+000     0.00000000e+000     0.00000000e+000     0.00000000e+000 
       1818     0.00000000e+000     0.00000000e+000     0.00000000e+000     0.00000000e+000     0.00000000e+000     0.00000000e+000 
       1819     0.00000000e+000     0.00000000e+000     0.00000000e+000     0.00000000e+000     0.00000000e+000     0.00000000e+000 
       1820     0.00000000e+000     0.00000000e+000     0.00000000e+000     0.00000000e+000     0.00000000e+000     0.00000000e+000 
       1821     0.00000000e+000     0.00000000e+000     0.00000000e+000     0.00000000e+000     0.00000000e+000     0.00000000e+000 
       1822     0.00000000e+000     0.00000000e+000     0.00000000e+000     0.00000000e+000     0.00000000e+000     0.00000000e+000 
       1823     0.00000000e+000     0.00000000e+000     0.00000000e+000     0.00000000e+000     0.00000000e+000     0.00000000e+000 
       1824     0.00000000e+000     0.00000000e+000     0.00000000e+000     0.00000000e+000     0.00000000e+000     0.00000000e+000 
       1825     0.00000000e+000     0.00000000e+000     0.00000000e+000     0.00000000e+000     0.00000000e+000     0.00000000e+000 
       1826     0.00000000e+000     0.00000000e+000     0.00000000e+000     0.00000000e+000     0.00000000e+000     0.00000000e+000 
       1827     0.00000000e+000     0.00000000e+000     0.00000000e+000     0.00000000e+000     0.00000000e+000     0.00000000e+000 
       1828     0.00000000e+000     0.00000000e+000     0.00000000e+000     0.00000000e+000     0.00000000e+000     0.00000000e+000 
       1829     0.00000000e+000     0.00000000e+000     0.00000000e+000     0.00000000e+000     0.00000000e+000     0.00000000e+000 
       1830     0.00000000e+000     0.00000000e+000     0.00000000e+000     0.00000000e+000     0.00000000e+000     0.00000000e+000 
       1831     0.00000000e+000     0.00000000e+000     0.00000000e+000     0.00000000e+000     0.00000000e+000     0.00000000e+000 
       1832     0.00000000e+000     0.00000000e+000     0.00000000e+000     0.00000000e+000     0.00000000e+000     0.00000000e+000 
       1833     0.00000000e+000     0.00000000e+000     0.00000000e+000     0.00000000e+000     0.00000000e+000     0.00000000e+000 
       1834     0.00000000e+000     0.00000000e+000     0.00000000e+000     0.00000000e+000     0.00000000e+000     0.00000000e+000 
       1835     0.00000000e+000     0.00000000e+000     0.00000000e+000     0.00000000e+000     0.00000000e+000     0.00000000e+000 
       1836     0.00000000e+000     0.00000000e+000     0.00000000e+000     0.00000000e+000     0.00000000e+000     0.00000000e+000 
       1837     0.00000000e+000     0.00000000e+000     0.00000000e+000     0.00000000e+000     0.00000000e+000     0.00000000e+000
       1838     0.00000000e+000     0.00000000e+000     0.00000000e+000     0.00000000e+000     0.00000000e+000     0.00000000e+000 
       1839     0.00000000e+000     0.00000000e+000     0.00000000e+000     0.00000000e+000     0.00000000e+000     0.00000000e+000 
       1840     0.00000000e+000     0.00000000e+000     0.00000000e+000     0.00000000e+000     0.00000000e+000     0.00000000e+000 
       1841     0.00000000e+000     0.00000000e+000     0.00000000e+000     0.00000000e+000     0.00000000e+000     0.00000000e+000 
       1842     0.00000000e+000     0.00000000e+000     0.00000000e+000     0.00000000e+000     0.00000000e+000     0.00000000e+000 
       1843     0.00000000e+000     0.00000000e+000     0.00000000e+000     0.00000000e+000     0.00000000e+000     0.00000000e+000 
       1844     0.00000000e+000     0.00000000e+000     0.00000000e+000     0.00000000e+000     0.00000000e+000     0.00000000e+000 
       1845     0.00000000e+000     0.00000000e+000     0.00000000e+000     0.00000000e+000     0.00000000e+000     0.00000000e+000 
       1846     0.00000000e+000     0.00000000e+000     0.00000000e+000     0.00000000e+000     0.00000000e+000     0.00000000e+000 
       1847     0.00000000e+000     0.00000000e+000     0.00000000e+000     0.00000000e+000     0.00000000e+000     0.00000000e+000 
       1848     0.00000000e+000     0.00000000e+000     0.00000000e+000     0.00000000e+000     0.00000000e+000     0.00000000e+000 
       1849     0.00000000e+000     0.00000000e+000     0.00000000e+000     0.00000000e+000     0.00000000e+000     0.00000000e+000 
       1850     0.00000000e+000     0.00000000e+000     0.00000000e+000     0.00000000e+000     0.00000000e+000     0.00000000e+000 
       1851     0.00000000e+000     0.00000000e+000     0.00000000e+000     0.00000000e+000     0.00000000e+000     0.00000000e+000 
       1852     0.00000000e+000     0.00000000e+000     0.00000000e+000     0.00000000e+000     0.00000000e+000     0.00000000e+000 
       1853     0.00000000e+000     0.00000000e+000     0.00000000e+000     0.00000000e+000     0.00000000e+000     0.00000000e+000 
       1854     0.00000000e+000     0.00000000e+000     0.00000000e+000     0.00000000e+000     0.00000000e+000     0.00000000e+000 
       1855     0.00000000e+000     0.00000000e+000     0.00000000e+000     0.00000000e+000     0.00000000e+000     0.00000000e+000 
       1856     0.00000000e+000     0.00000000e+000     0.00000000e+000     0.00000000e+000     0.00000000e+000     0.00000000e+000 
       1857     0.00000000e+000     0.00000000e+000     0.00000000e+000     0.00000000e+000     0.00000000e+000     0.00000000e+000 
       1858     0.00000000e+000     0.00000000e+000     0.00000000e+000     0.00000000e+000     0.00000000e+000     0.00000000e+000 
       1859     0.00000000e+000     0.00000000e+000     0.00000000e+000     0.00000000e+000     0.00000000e+000     0.00000000e+000 
       1860     0.00000000e+000     0.00000000e+000     0.00000000e+000     0.00000000e+000     0.00000000e+000     0.00000000e+000 
       1861     0.00000000e+000     0.00000000e+000     0.00000000e+000     0.00000000e+000     0.00000000e+000     0.00000000e+000 
       1862     0.00000000e+000     0.00000000e+000     0.00000000e+000     0.00000000e+000     0.00000000e+000     0.00000000e+000 
       1863     0.00000000e+000     0.00000000e+000     0.00000000e+000     0.00000000e+000     0.00000000e+000     0.00000000e+000 
       1864     0.00000000e+000     0.00000000e+000     0.00000000e+000     0.00000000e+000     0.00000000e+000     0.00000000e+000 
       1865     0.00000000e+000     0.00000000e+000     0.00000000e+000     0.00000000e+000     0.00000000e+000     0.00000000e+000 
       1866     0.00000000e+000     0.00000000e+000     0.00000000e+000     0.00000000e+000     0.00000000e+000     0.00000000e+000 
       1867     0.00000000e+000     0.00000000e+000     0.00000000e+000     0.00000000e+000     0.00000000e+000     0.00000000e+000 
       1868     0.00000000e+000     0.00000000e+000     0.00000000e+000     0.00000000e+000     0.00000000e+000     0.00000000e+000 
       1869     0.00000000e+000     0.00000000e+000     0.00000000e+000     0.00000000e+000     0.00000000e+000     0.00000000e+000 
       1870     0.00000000e+000     0.00000000e+000     0.00000000e+000     0.00000000e+000     0.00000000e+000     0.00000000e+000 
       1871     0.00000000e+000     0.00000000e+000     0.00000000e+000     0.00000000e+000     0.00000000e+000     0.00000000e+000 
       1872     0.00000000e+000     0.00000000e+000     0.00000000e+000     0.00000000e+000     0.00000000e+000     0.00000000e+000 
       1873     0.00000000e+000     0.00000000e+000     0.00000000e+000     0.00000000e+000     0.00000000e+000     0.00000000e+000 
       1874     0.00000000e+000     0.00000000e+000     0.00000000e+000     0.00000000e+000     0.00000000e+000     0.00000000e+000 
       1875     0.00000000e+000     0.00000000e+000     0.00000000e+000     0.00000000e+000     0.00000000e+000     0.00000000e+000 
       1876     0.00000000e+000     0.00000000e+000     0.00000000e+000     0.00000000e+000     0.00000000e+000     0.00000000e+000 
       1877     0.00000000e+000     0.00000000e+000     0.00000000e+000     0.00000000e+000     0.00000000e+000     0.00000000e+000 
       1878     0.00000000e+000     0.00000000e+000     0.00000000e+000     0.00000000e+000     0.00000000e+000     0.00000000e+000 
       1879     0.00000000e+000     0.00000000e+000     0.00000000e+000     0.00000000e+000     0.00000000e+000     0.00000000e+000 
       1880     0.00000000e+000     0.00000000e+000     0.00000000e+000     0.00000000e+000     0.00000000e+000     0.00000000e+000 
       1881     0.00000000e+000     0.00000000e+000     0.00000000e+000     0.00000000e+000     0.00000000e+000     0.00000000e+000 
       1882     0.00000000e+000     0.00000000e+000     0.00000000e+000     0.00000000e+000     0.00000000e+000     0.00000000e+000 
       1883     0.00000000e+000     0.00000000e+000     0.00000000e+000     0.00000000e+000     0.00000000e+000     0.00000000e+000 
       1884     0.00000000e+000     0.00000000e+000     0.00000000e+000     0.00000000e+000     0.00000000e+000     0.00000000e+000 
       1885     0.00000000e+000     0.00000000e+000     0.00000000e+000     0.00000000e+000     0.00000000e+000     0.00000000e+000 
       1886     0.00000000e+000     0.00000000e+000     0.00000000e+000     0.00000000e+000     0.00000000e+000     0.00000000e+000 
       1887     0.00000000e+000     0.00000000e+000     0.00000000e+000     0.00000000e+000     0.00000000e+000     0.00000000e+000 
       1888     0.00000000e+000     0.00000000e+000     0.00000000e+000     0.00000000e+000     0.00000000e+000     0.00000000e+000 
       1889     0.00000000e+000     0.00000000e+000     0.00000000e+000     0.00000000e+000     0.00000000e+000     0.00000000e+000 
       1890     0.00000000e+000     0.00000000e+000     0.00000000e+000     0.00000000e+000     0.00000000e+000     0.00000000e+000 
       1891     0.00000000e+000     0.00000000e+000     0.00000000e+000     0.00000000e+000     0.00000000e+000     0.00000000e+000 
       1892     0.00000000e+000     0.00000000e+000     0.00000000e+000     0.00000000e+000     0.00000000e+000     0.00000000e+000 
       1893     0.00000000e+000     0.00000000e+000     0.00000000e+000     0.00000000e+000     0.00000000e+000     0.00000000e+000 
       1894     0.00000000e+000     0.00000000e+000     0.00000000e+000     0.00000000e+000     0.00000000e+000     0.00000000e+000 
       1895     0.00000000e+000     0.00000000e+000     0.00000000e+000     0.00000000e+000     0.00000000e+000     0.00000000e+000 
       1896     0.00000000e+000     0.00000000e+000     0.00000000e+000     0.00000000e+000     0.00000000e+000     0.00000000e+000 
       1897     0.00000000e+000     0.00000000e+000     0.00000000e+000     0.00000000e+000     0.00000000e+000     0.00000000e+000 
       1898     0.00000000e+000     0.00000000e+000     0.00000000e+000     0.00000000e+000     0.00000000e+000     0.00000000e+000 
       1899     0.00000000e+000     0.00000000e+000     0.00000000e+000     0.00000000e+000     0.00000000e+000     0.00000000e+000 
       1900     0.00000000e+000     0.00000000e+000     0.00000000e+000     0.00000000e+000     0.00000000e+000     0.00000000e+000 
       1901     0.00000000e+000     0.00000000e+000     0.00000000e+000     0.00000000e+000     0.00000000e+000     0.00000000e+000 
       1902     0.00000000e+000     0.00000000e+000     0.00000000e+000     0.00000000e+000     0.00000000e+000     0.00000000e+000 
       1903     0.00000000e+000     0.00000000e+000     0.00000000e+000     0.00000000e+000     0.00000000e+000     0.00000000e+000 
       1904     0.00000000e+000     0.00000000e+000     0.00000000e+000     0.00000000e+000     0.00000000e+000     0.00000000e+000 
       1905     0.00000000e+000     0.00000000e+000     0.00000000e+000     0.00000000e+000     0.00000000e+000     0.00000000e+000 
       1906     0.00000000e+000     0.00000000e+000     0.00000000e+000     0.00000000e+000     0.00000000e+000     0.00000000e+000 
       1907     0.00000000e+000     0.00000000e+000     0.00000000e+000     0.00000000e+000     0.00000000e+000     0.00000000e+000 
       1908     0.00000000e+000     0.00000000e+000     0.00000000e+000     0.00000000e+000     0.00000000e+000     0.00000000e+000 
       1909     0.00000000e+000     0.00000000e+000     0.00000000e+000     0.00000000e+000     0.00000000e+000     0.00000000e+000 
       1910     0.00000000e+000     0.00000000e+000     0.00000000e+000     0.00000000e+000     0.00000000e+000     0.00000000e+000 
       1911     0.00000000e+000     0.00000000e+000     0.00000000e+000     0.00000000e+000     0.00000000e+000     0.00000000e+000 
       1912     0.00000000e+000     0.00000000e+000     0.00000000e+000     0.00000000e+000     0.00000000e+000     0.00000000e+000 
       1913     0.00000000e+000     0.00000000e+000     0.00000000e+000     0.00000000e+000     0.00000000e+000     0.00000000e+000 
       1914     0.00000000e+000     0.00000000e+000     0.00000000e+000     0.00000000e+000     0.00000000e+000     0.00000000e+000 
       1915     0.00000000e+000     0.00000000e+000     0.00000000e+000     0.00000000e+000     0.00000000e+000     0.00000000e+000 
       1916     0.00000000e+000     0.00000000e+000     0.00000000e+000     0.00000000e+000     0.00000000e+000     0.00000000e+000 
       1917     0.00000000e+000     0.00000000e+000     0.00000000e+000     0.00000000e+000     0.00000000e+000     0.00000000e+000 
       1918     0.00000000e+000     0.00000000e+000     0.00000000e+000     0.00000000e+000     0.00000000e+000     0.00000000e+000 
       1919     0.00000000e+000     0.00000000e+000     0.00000000e+000     0.00000000e+000     0.00000000e+000     0.00000000e+000 
       1920     0.00000000e+000     0.00000000e+000     0.00000000e+000     0.00000000e+000     0.00000000e+000     0.00000000e+000 
       1921     0.00000000e+000     0.00000000e+000     0.00000000e+000     0.00000000e+000     0.00000000e+000     0.00000000e+000 
       1922     0.00000000e+000     0.00000000e+000     0.00000000e+000     0.00000000e+000     0.00000000e+000     0.00000000e+000 
       1923     0.00000000e+000     0.00000000e+000     0.00000000e+000     0.00000000e+000     0.00000000e+000     0.00000000e+000 
       1924     0.00000000e+000     0.00000000e+000     0.00000000e+000     0.00000000e+000     0.00000000e+000     0.00000000e+000 
       1925     0.00000000e+000     0.00000000e+000     0.00000000e+000     0.00000000e+000     0.00000000e+000     0.00000000e+000 
       1926     0.00000000e+000     0.00000000e+000     0.00000000e+000     0.00000000e+000     0.00000000e+000     0.00000000e+000 
       1927     0.00000000e+000     0.00000000e+000     0.00000000e+000     0.00000000e+000     0.00000000e+000     0.00000000e+000 
       1928     0.00000000e+000     0.00000000e+000     0.00000000e+000     0.00000000e+000     0.00000000e+000     0.00000000e+000 
       1929     0.00000000e+000     0.00000000e+000     0.00000000e+000     0.00000000e+000     0.00000000e+000     0.00000000e+000 
       1930     0.00000000e+000     0.00000000e+000     0.00000000e+000     0.00000000e+000     0.00000000e+000     0.00000000e+000 
       1931     0.00000000e+000     0.00000000e+000     0.00000000e+000     0.00000000e+000     0.00000000e+000     0.00000000e+000 
       1932     0.00000000e+000     0.00000000e+000     0.00000000e+000     0.00000000e+000     0.00000000e+000     0.00000000e+000 
       1933     0.00000000e+000     0.00000000e+000     0.00000000e+000     0.00000000e+000     0.00000000e+000     0.00000000e+000 
       1934     0.00000000e+000     0.00000000e+000     0.00000000e+000     0.00000000e+000     0.00000000e+000     0.00000000e+000 
       1935     0.00000000e+000     0.00000000e+000     0.00000000e+000     0.00000000e+000     0.00000000e+000     0.00000000e+000 
       1936     0.00000000e+000     0.00000000e+000     0.00000000e+000     0.00000000e+000     0.00000000e+000     0.00000000e+000 
       1937     0.00000000e+000     0.00000000e+000     0.00000000e+000     0.00000000e+000     0.00000000e+000     0.00000000e+000 
       1938     0.00000000e+000     0.00000000e+000     0.00000000e+000     0.00000000e+000     0.00000000e+000     0.00000000e+000 
       1939     0.00000000e+000     0.00000000e+000     0.00000000e+000     0.00000000e+000     0.00000000e+000     0.00000000e+000 
       1940     0.00000000e+000     0.00000000e+000     0.00000000e+000     0.00000000e+000     0.00000000e+000     0.00000000e+000 
       1941     0.00000000e+000     0.00000000e+000     0.00000000e+000     0.00000000e+000     0.00000000e+000     0.00000000e+000 
       1942     0.00000000e+000     0.00000000e+000     0.00000000e+000     0.00000000e+000     0.00000000e+000     0.00000000e+000 
       1943     0.00000000e+000     0.00000000e+000     0.00000000e+000     0.00000000e+000     0.00000000e+000     0.00000000e+000 
       1944     0.00000000e+000     0.00000000e+000     0.00000000e+000     0.00000000e+000     0.00000000e+000     0.00000000e+000 
       1945     0.00000000e+000     0.00000000e+000     0.00000000e+000     0.00000000e+000     0.00000000e+000     0.00000000e+000 
       1946     0.00000000e+000     0.00000000e+000     0.00000000e+000     0.00000000e+000     0.00000000e+000     0.00000000e+000 
       1947     0.00000000e+000     0.00000000e+000     0.00000000e+000     0.00000000e+000     0.00000000e+000     0.00000000e+000 
       1948     0.00000000e+000     0.00000000e+000     0.00000000e+000     0.00000000e+000     0.00000000e+000     0.00000000e+000 
       1949     0.00000000e+000     0.00000000e+000     0.00000000e+000     0.00000000e+000     0.00000000e+000     0.00000000e+000 
       1950     0.00000000e+000     0.00000000e+000     0.00000000e+000     0.00000000e+000     0.00000000e+000     0.00000000e+000 
       1951     0.00000000e+000     0.00000000e+000     0.00000000e+000     0.00000000e+000     0.00000000e+000     0.00000000e+000 
       1952     0.00000000e+000     0.00000000e+000     0.00000000e+000     0.00000000e+000     0.00000000e+000     0.00000000e+000 
       1953     0.00000000e+000     0.00000000e+000     0.00000000e+000     0.00000000e+000     0.00000000e+000     0.00000000e+000 
       1954     0.00000000e+000     0.00000000e+000     0.00000000e+000     0.00000000e+000     0.00000000e+000     0.00000000e+000 
       1955     0.00000000e+000     0.00000000e+000     0.00000000e+000     0.00000000e+000     0.00000000e+000     0.00000000e+000 
       1956     0.00000000e+000     0.00000000e+000     0.00000000e+000     0.00000000e+000     0.00000000e+000     0.00000000e+000 
       1957     0.00000000e+000     0.00000000e+000     0.00000000e+000     0.00000000e+000     0.00000000e+000     0.00000000e+000 
       1958     0.00000000e+000     0.00000000e+000     0.00000000e+000     0.00000000e+000     0.00000000e+000     0.00000000e+000 
       1959     0.00000000e+000     0.00000000e+000     0.00000000e+000     0.00000000e+000     0.00000000e+000     0.00000000e+000 
       1960     0.00000000e+000     0.00000000e+000     0.00000000e+000     0.00000000e+000     0.00000000e+000     0.00000000e+000 
       1961     0.00000000e+000     0.00000000e+000     0.00000000e+000     0.00000000e+000     0.00000000e+000     0.00000000e+000 
       1962     0.00000000e+000     0.00000000e+000     0.00000000e+000     0.00000000e+000     0.00000000e+000     0.00000000e+000 
       1963     0.00000000e+000     0.00000000e+000     0.00000000e+000     0.00000000e+000     0.00000000e+000     0.00000000e+000 
       1964     0.00000000e+000     0.00000000e+000     0.00000000e+000     0.00000000e+000     0.00000000e+000     0.00000000e+000 
       1965     0.00000000e+000     0.00000000e+000     0.00000000e+000     0.00000000e+000     0.00000000e+000     0.00000000e+000 
       1966     0.00000000e+000     0.00000000e+000     0.00000000e+000     0.00000000e+000     0.00000000e+000     0.00000000e+000 
       1967     0.00000000e+000     0.00000000e+000     0.00000000e+000     0.00000000e+000     0.00000000e+000     0.00000000e+000 
       1968     0.00000000e+000     0.00000000e+000     0.00000000e+000     0.00000000e+000     0.00000000e+000     0.00000000e+000 
       1969     0.00000000e+000     0.00000000e+000     0.00000000e+000     0.00000000e+000     0.00000000e+000     0.00000000e+000 
       1970     0.00000000e+000     0.00000000e+000     0.00000000e+000     0.00000000e+000     0.00000000e+000     0.00000000e+000 
       1971     0.00000000e+000     0.00000000e+000     0.00000000e+000     0.00000000e+000     0.00000000e+000     0.00000000e+000 
       1972     0.00000000e+000     0.00000000e+000     0.00000000e+000     0.00000000e+000     0.00000000e+000     0.00000000e+000 
       1973     0.00000000e+000     0.00000000e+000     0.00000000e+000     0.00000000e+000     0.00000000e+000     0.00000000e+000 
       1974     0.00000000e+000     0.00000000e+000     0.00000000e+000     0.00000000e+000     0.00000000e+000     0.00000000e+000 
       1975     0.00000000e+000     0.00000000e+000     0.00000000e+000     0.00000000e+000     0.00000000e+000     0.00000000e+000 
       1976     0.00000000e+000     0.00000000e+000     0.00000000e+000     0.00000000e+000     0.00000000e+000     0.00000000e+000 
       1977     0.00000000e+000     0.00000000e+000     0.00000000e+000     0.00000000e+000     0.00000000e+000     0.00000000e+000 
       1978     0.00000000e+000     0.00000000e+000     0.00000000e+000     0.00000000e+000     0.00000000e+000     0.00000000e+000 
       1979     0.00000000e+000     0.00000000e+000     0.00000000e+000     0.00000000e+000     0.00000000e+000     0.00000000e+000 
       1980     0.00000000e+000     0.00000000e+000     0.00000000e+000     0.00000000e+000     0.00000000e+000     0.00000000e+000 
       1981     0.00000000e+000     0.00000000e+000     0.00000000e+000     0.00000000e+000     0.00000000e+000     0.00000000e+000 
       1982     0.00000000e+000     0.00000000e+000     0.00000000e+000     0.00000000e+000     0.00000000e+000     0.00000000e+000 
       1983     0.00000000e+000     0.00000000e+000     0.00000000e+000     0.00000000e+000     0.00000000e+000     0.00000000e+000 
       1984     0.00000000e+000     0.00000000e+000     0.00000000e+000     0.00000000e+000     0.00000000e+000     0.00000000e+000 
       1985     0.00000000e+000     0.00000000e+000     0.00000000e+000     0.00000000e+000     0.00000000e+000     0.00000000e+000 
       1986     0.00000000e+000     0.00000000e+000     0.00000000e+000     0.00000000e+000     0.00000000e+000     0.00000000e+000 
       1987     0.00000000e+000     0.00000000e+000     0.00000000e+000     0.00000000e+000     0.00000000e+000     0.00000000e+000 
       1988     0.00000000e+000     0.00000000e+000     0.00000000e+000     0.00000000e+000     0.00000000e+000     0.00000000e+000 
       1989     0.00000000e+000     0.00000000e+000     0.00000000e+000     0.00000000e+000     0.00000000e+000     0.00000000e+000 
       1990     0.00000000e+000     0.00000000e+000     0.00000000e+000     0.00000000e+000     0.00000000e+000     0.00000000e+000 
       1991     4.40400649e-003     2.16512552e-004     2.72548120e-005     4.17359301e-005     2.07591305e-005     0.00000000e+000 
       1992     4.40744478e-003     2.15597294e-004     2.63670900e-005     4.06193461e-005     2.02444964e-005     0.00000000e+000 
       1993     1.73092633e-001     8.47554950e-003     1.07831890e-003     1.57845764e-003     7.74732997e-004     0.00000000e+000 
       1994     1.70757928e-001     7.81835030e-003     1.10028960e-003     1.54805243e-003     7.74950255e-004     0.00000000e+000 
       1995     9.37473235e-002     4.38228955e-003     6.08420500e-004     8.60072972e-004     4.01888699e-004     0.00000000e+000 
       1996     4.09310276e-001     1.86855069e-002     3.17304500e-003     3.87789607e-003     1.95385096e-003     0.00000000e+000 
       1997     3.81430256e-001     1.76515604e-002     3.20958570e-003     3.67457941e-003     2.03373416e-003     0.00000000e+000 
       1998     8.68118169e-001     3.90181119e-002     7.49559400e-003     8.48779067e-003     4.88074301e-003     0.00000000e+000 
       1999     1.26279404e+000     6.01160186e-002     1.14872550e-002     1.23677820e-002     7.23544535e-003     0.00000000e+000 
       2000     1.80312840e+000     9.70214157e-002     1.97401852e-002     1.87966788e-002     1.23149466e-002     0.00000000e+000 
       2001     1.50961908e+000     9.08340269e-002     1.61062607e-002     1.65261275e-002     1.19145185e-002     0.00000000e+000 
       2002     2.28347238e+000     1.53369934e-001     2.46119870e-002     2.62236638e-002     2.03202156e-002     0.00000000e+000 
       2003     3.02224806e+000     2.18882429e-001     3.26230800e-002     3.73532434e-002     2.98935227e-002     0.00000000e+000 
       2004     3.82696763e+000     3.05524412e-001     4.18091640e-002     5.05084411e-002     4.41904597e-002     0.00000000e+000 
       2005     4.34385069e+000     3.79905724e-001     4.78172890e-002     6.17647616e-002     5.66646755e-002     0.00000000e+000 
