__RCP Forcing File RCP: Solar Irradience__
 
Data: Radiative Forcing, kept constant after 2009 
Gas: Solar Forcing 
Unit:  Watt per square meter (W/m2) 
Description: Solar irradiance by Lean et al. as recommended for CMIP5, as documented here: http://www.geo.fu-berlin.de/en/met/ag/strat/forschung/SOLARIS/Input_data/CMIP5_solar_irradiance.html - converted into radiative forcing by dividing by 4 (geometrical) and multiplying by 0.7 (albedo) effect. Furthermore, the data is normalized to have an average zero around 1750 (22 years around 1750). 
Source: Lean et al., as provided here: http://www.geo.fu-berlin.de/en/met/ag/strat/forschung/SOLARIS/Input_data/CMIP5_solar_irradiance.html 
Compiled by: Malte Meinshausen, Steve Smith et al. 
Date: 24-Jul-2009 17:05:30 
COMPILED BY:  Malte Meinshausen, malte.meinshausen@pik-potsdam.de, www.primap.org 
 

 
 



&THISFILE_SPECIFICATIONS
 THISFILE_DATACOLUMNS    =    1  ,
 THISFILE_FIRSTYEAR      = 1610  ,
 THISFILE_LASTYEAR       = 2600  ,
 THISFILE_ANNUALSTEPS    =    1  ,
 THISFILE_FIRSTDATAROW   =   29  ,
 THISFILE_UNITS          = W/m2  ,
 THISFILE_DATTYPE        = STANDARD  ,
/  

    COLCODE              GLOBAL
       1610     1.49792391e-002 
       1611     4.83167391e-002 
       1612     9.29329891e-002 
       1613     1.09242989e-001 
       1614     9.09992391e-002 
       1615     2.97929891e-002 
       1616    -1.76757609e-002 
       1617    -2.96195109e-002 
       1618    -2.26632609e-002 
       1619    -1.51207609e-002 
       1620    -1.57945109e-002 
       1621    -1.64682609e-002 
       1622    -1.71420109e-002 
       1623    -2.10532609e-002 
       1624    -5.53951087e-003 
       1625     3.82298913e-003 
       1626    -1.26707609e-002 
       1627    -1.85595109e-002 
       1628    -2.28995109e-002 
       1629    -4.11870109e-002 
       1630    -5.34982609e-002 
       1631    -5.56420109e-002 
       1632    -5.00157609e-002 
       1633    -4.84495109e-002 
       1634    -5.49857609e-002 
       1635    -5.74532609e-002 
       1636    -6.06470109e-002 
       1637    -2.01345109e-002 
       1638     2.53217391e-002 
       1639    -7.70076087e-003 
       1640    -5.51782609e-002 
       1641    -3.70657609e-002 
       1642    -2.82370109e-002 
       1643    -5.21595109e-002 
       1644    -6.41470109e-002 
       1645    -7.13482609e-002 
       1646    -7.14445109e-002 
       1647    -7.16632609e-002 
       1648    -7.20482609e-002 
       1649    -7.23545109e-002 
       1650    -7.24945109e-002 
       1651    -7.01495109e-002 
       1652    -6.96595109e-002 
       1653    -7.22757609e-002 
       1654    -7.38420109e-002 
       1655    -7.47957609e-002 
       1656    -7.53295109e-002 
       1657    -7.62395109e-002 
       1658    -7.68870109e-002 
       1659    -7.58895109e-002 
       1660    -7.54257609e-002 
       1661    -7.65982609e-002 
       1662    -7.70620109e-002 
       1663    -7.70532609e-002 
       1664    -7.70357609e-002 
       1665    -7.70270109e-002 
       1666    -7.70445109e-002 
       1667    -7.70882609e-002 
       1668    -7.71145109e-002 
       1669    -7.71145109e-002 
       1670    -7.65807609e-002 
       1671    -7.63532609e-002 
       1672    -7.68870109e-002 
       1673    -7.70007609e-002 
       1674    -7.70182609e-002 
       1675    -7.61082609e-002 
       1676    -7.59857609e-002 
       1677    -7.69570109e-002 
       1678    -7.71232609e-002 
       1679    -7.67557609e-002 
       1680    -7.67557609e-002 
       1681    -7.72370109e-002 
       1682    -7.72370109e-002 
       1683    -7.63970109e-002 
       1684    -7.63795109e-002 
       1685    -7.68345109e-002 
       1686    -7.67557609e-002 
       1687    -7.67557609e-002 
       1688    -7.65807609e-002 
       1689    -7.67207609e-002 
       1690    -7.66245109e-002 
       1691    -7.63707609e-002 
       1692    -7.61957609e-002 
       1693    -7.61345109e-002 
       1694    -7.60557609e-002 
       1695    -7.60645109e-002 
       1696    -7.61345109e-002 
       1697    -7.61257609e-002 
       1698    -7.60732609e-002 
       1699    -7.57495109e-002 
       1700    -7.52945109e-002 
       1701    -7.48570109e-002 
       1702    -7.30370109e-002 
       1703    -7.01670109e-002 
       1704    -6.74720109e-002 
       1705    -6.70957609e-002 
       1706    -6.66582609e-002 
       1707    -6.64745109e-002 
       1708    -6.81195109e-002 
       1709    -6.83295109e-002 
       1710    -6.72357609e-002 
       1711    -6.58007609e-002 
       1712    -6.47157609e-002 
       1713    -6.27470109e-002 
       1714    -5.89757609e-002 
       1715    -5.31045109e-002 
       1716    -4.43545109e-002 
       1717    -4.42407609e-002 
       1718    -3.43095109e-002 
       1719    -2.42295109e-002 
       1720    -2.90332609e-002 
       1721    -3.47207609e-002 
       1722    -4.38470109e-002 
       1723    -3.97170109e-002 
       1724    -3.32682609e-002 
       1725    -1.93295109e-002 
       1726    -3.99076087e-003 
       1727     1.31854891e-002 
       1728     5.76548913e-003 
       1729     8.98548913e-003 
       1730    -5.60076087e-003 
       1731    -3.63570109e-002 
       1732    -3.48520109e-002 
       1733    -4.36370109e-002 
       1734    -3.13695109e-002 
       1735    -1.61951087e-003 
       1736     2.23923913e-003 
       1737    -1.62757609e-002 
       1738     9.44239131e-004 
       1739    -3.94701087e-003 
       1740    -1.21701087e-003 
       1741     2.59798913e-003 
       1742    -2.72307609e-002 
       1743    -3.69432609e-002 
       1744    -4.16157609e-002 
       1745    -4.08632609e-002 
       1746    -3.96295109e-002 
       1747    -1.78576087e-003 
       1748     3.70992391e-002 
       1749     3.56729891e-002 
       1750     1.75692391e-002 
       1751     2.17989130e-004 
       1752    -3.80701087e-003 
       1753    -1.30032609e-002 
       1754    -2.17532609e-002 
       1755    -2.04407609e-002 
       1756    -7.19326087e-003 
       1757     1.35092391e-002 
       1758     2.89704891e-002 
       1759     3.23567391e-002 
       1760     4.45804891e-002 
       1761     4.68554891e-002 
       1762     2.85942391e-002 
       1763     2.03604891e-002 
       1764     5.08298913e-003 
       1765    -1.07895109e-002 
       1766     4.54048913e-003 
       1767     4.46767391e-002 
       1768     8.29754891e-002 
       1769     9.93729891e-002 
       1770     9.02817391e-002 
       1771     7.46454891e-002 
       1772     4.91654891e-002 
       1773     2.66692391e-002 
       1774     1.13567391e-002 
       1775     4.15548913e-003 
       1776     2.30817391e-002 
       1777     5.73467391e-002 
       1778     8.25292391e-002 
       1779     7.20117391e-002 
       1780     6.61842391e-002 
       1781     5.27442391e-002 
       1782     2.13842391e-002 
       1783     1.68798913e-003 
       1784    -4.66451087e-003 
       1785     2.78504891e-002 
       1786     6.96667391e-002 
       1787     7.94579891e-002 
       1788     7.29654891e-002 
       1789     6.24917391e-002 
       1790     4.06692391e-002 
       1791     2.62929891e-002 
       1792     2.32742391e-002 
       1793     1.32554891e-002 
       1794    -5.21576087e-003 
       1795    -1.80607609e-002 
       1796    -2.53057609e-002 
       1797    -3.21395109e-002 
       1798    -3.37845109e-002 
       1799    -2.96895109e-002 
       1800    -2.31951087e-003 
       1801     1.08579891e-002 
       1802    -1.13582609e-002 
       1803    -2.25932609e-002 
       1804    -2.13420109e-002 
       1805    -2.89720109e-002 
       1806    -4.34182609e-002 
       1807    -5.15295109e-002 
       1808    -5.61670109e-002 
       1809    -5.93520109e-002 
       1810    -5.89845109e-002 
       1811    -5.42857609e-002 
       1812    -4.64545109e-002 
       1813    -4.01195109e-002 
       1814    -3.32157609e-002 
       1815    -1.99945109e-002 
       1816    -1.39220109e-002 
       1817    -2.04582609e-002 
       1818    -2.59882609e-002 
       1819    -3.21920109e-002 
       1820    -3.89645109e-002 
       1821    -3.87720109e-002 
       1822    -3.62432609e-002 
       1823    -3.22095109e-002 
       1824    -2.21995109e-002 
       1825    -6.74701087e-003 
       1826     1.20129891e-002 
       1827     2.93992391e-002 
       1828     3.86217391e-002 
       1829     4.37754891e-002 
       1830     3.29254891e-002 
       1831     9.56298913e-003 
       1832    -7.70076087e-003 
       1833    -1.29420109e-002 
       1834     1.30017391e-002 
       1835     6.92379891e-002 
       1836     1.09050489e-001 
       1837     9.68354891e-002 
       1838     7.09967391e-002 
       1839     5.35842391e-002 
       1840     3.00992391e-002 
       1841     1.20129891e-002 
       1842     1.04923913e-003 
       1843    -2.42451087e-003 
       1844     1.14267391e-002 
       1845     3.12017391e-002 
       1846     4.86667391e-002 
       1847     7.47242391e-002 
       1848     9.11304891e-002 
       1849     7.29042391e-002 
       1850     5.58679891e-002 
       1851     4.92967391e-002 
       1852     3.27067391e-002 
       1853     1.22929891e-002 
       1854    -5.38201087e-003 
       1855    -1.20407609e-002 
       1856    -2.25826087e-003 
       1857     2.41842391e-002 
       1858     6.01292391e-002 
       1859     8.50054891e-002 
       1860     8.12342391e-002 
       1861     5.85017391e-002 
       1862     3.80267391e-002 
       1863     2.52517391e-002 
       1864     1.18817391e-002 
       1865    -1.60201087e-003 
       1866    -1.17345109e-002 
       1867    -2.32826087e-003 
       1868     3.23217391e-002 
       1869     7.38842391e-002 
       1870     8.95117391e-002 
       1871     8.01667391e-002 
       1872     5.84929891e-002 
       1873     2.96704891e-002 
       1874     5.42423913e-003 
       1875    -1.19795109e-002 
       1876    -1.63457609e-002 
       1877    -1.88307609e-002 
       1878    -1.93820109e-002 
       1879    -4.58576087e-003 
       1880     2.08767391e-002 
       1881     3.55417391e-002 
       1882     4.17017391e-002 
       1883     3.72392391e-002 
       1884     1.90654891e-002 
       1885    -4.98826087e-003 
       1886    -2.32582609e-002 
       1887    -3.01620109e-002 
       1888    -3.57445109e-002 
       1889    -3.52020109e-002 
       1890    -1.01770109e-002 
       1891     2.04479891e-002 
       1892     4.14129891e-002 
       1893     6.20892391e-002 
       1894     6.02517391e-002 
       1895     3.42467391e-002 
       1896     5.68673913e-003 
       1897    -9.03076087e-003 
       1898    -1.55495109e-002 
       1899    -2.27682609e-002 
       1900    -3.22970109e-002 
       1901    -3.83870109e-002 
       1902    -1.92507609e-002 
       1903     2.27667391e-002 
       1904     2.98717391e-002 
       1905     3.05279891e-002 
       1906     3.75804891e-002 
       1907     3.31442391e-002 
       1908     2.91629891e-002 
       1909     7.82173913e-003 
       1910    -1.11570109e-002 
       1911    -2.25232609e-002 
       1912    -2.51307609e-002 
       1913    -1.78332609e-002 
       1914     1.46729891e-002 
       1915     5.97004891e-002 
       1916     9.11129891e-002 
       1917     1.00790489e-001 
       1918     7.73579891e-002 
       1919     4.30754891e-002 
       1920     1.96692391e-002 
       1921     1.56739131e-004 
       1922    -7.38576087e-003 
       1923    -1.84701087e-003 
       1924     1.87767391e-002 
       1925     4.54817391e-002 
       1926     7.03842391e-002 
       1927     7.57392391e-002 
       1928     6.14329891e-002 
       1929     5.62704891e-002 
       1930     4.40467391e-002 
       1931     2.40004891e-002 
       1932     4.05048913e-003 
       1933     3.27173913e-003 
       1934     3.19979891e-002 
       1935     8.50054891e-002 
       1936     1.13329239e-001 
       1937     1.01936739e-001 
       1938     9.48667391e-002 
       1939     8.79629891e-002 
       1940     7.55642391e-002 
       1941     5.96129891e-002 
       1942     3.67754891e-002 
       1943     2.55842391e-002 
       1944     5.15629891e-002 
       1945     8.35092391e-002 
       1946     1.13040489e-001 
       1947     1.45406739e-001 
       1948     1.48644239e-001 
       1949     1.19252989e-001 
       1950     7.73404891e-002 
       1951     5.58592391e-002 
       1952     4.29004891e-002 
       1953     3.31704891e-002 
       1954     4.61992391e-002 
       1955     1.03467989e-001 
       1956     1.81412989e-001 
       1957     2.09579239e-001 
       1958     1.84615489e-001 
       1959     1.53456739e-001 
       1960     1.12952989e-001 
       1961     6.67267391e-002 
       1962     4.71617391e-002 
       1963     4.27167391e-002 
       1964     4.60242391e-002 
       1965     6.52917391e-002 
       1966     9.85592391e-002 
       1967     1.20136739e-001 
       1968     1.31800489e-001 
       1969     1.38642989e-001 
       1970     1.13302989e-001 
       1971     9.66692391e-002 
       1972     8.27654891e-002 
       1973     5.42929891e-002 
       1974     3.11404891e-002 
       1975     2.39829891e-002 
       1976     5.01104891e-002 
       1977     1.05182989e-001 
       1978     1.75331739e-001 
       1979     2.08012989e-001 
       1980     2.13289239e-001 
       1981     1.81587989e-001 
       1982     1.38196739e-001 
       1983     9.65817391e-002 
       1984     4.77917391e-002 
       1985     3.27067391e-002 
       1986     4.56829891e-002 
       1987     8.45942391e-002 
       1988     1.59669239e-001 
       1989     2.00855489e-001 
       1990     1.83162989e-001 
       1991     1.61182989e-001 
       1992     1.24686739e-001 
       1993     8.04992391e-002 
       1994     5.17117391e-002 
       1995     3.55242391e-002 
       1996     3.90504891e-002 
       1997     8.19254891e-002 
       1998     1.38380489e-001 
       1999     1.89261739e-001 
       2000     2.08257989e-001 
       2001     2.08004239e-001 
       2002     1.75436739e-001 
       2003     1.20075489e-001 
       2004     8.72192391e-002 
       2005     6.64554891e-002 
       2006     5.50367391e-002 
       2007     4.46329891e-002 
       2008     4.18154891e-002 
       2009     1.38380489e-001 
       2010     1.21325148e-001 
       2011     1.21325148e-001 
       2012     1.21325148e-001 
       2013     1.21325148e-001 
       2014     1.21325148e-001 
       2015     1.21325148e-001 
       2016     1.21325148e-001 
       2017     1.21325148e-001 
       2018     1.21325148e-001 
       2019     1.21325148e-001 
       2020     1.21325148e-001 
       2021     1.21325148e-001 
       2022     1.21325148e-001 
       2023     1.21325148e-001 
       2024     1.21325148e-001 
       2025     1.21325148e-001 
       2026     1.21325148e-001 
       2027     1.21325148e-001 
       2028     1.21325148e-001 
       2029     1.21325148e-001 
       2030     1.21325148e-001 
       2031     1.21325148e-001 
       2032     1.21325148e-001 
       2033     1.21325148e-001 
       2034     1.21325148e-001 
       2035     1.21325148e-001 
       2036     1.21325148e-001 
       2037     1.21325148e-001 
       2038     1.21325148e-001 
       2039     1.21325148e-001 
       2040     1.21325148e-001 
       2041     1.21325148e-001 
       2042     1.21325148e-001 
       2043     1.21325148e-001 
       2044     1.21325148e-001 
       2045     1.21325148e-001 
       2046     1.21325148e-001 
       2047     1.21325148e-001 
       2048     1.21325148e-001 
       2049     1.21325148e-001 
       2050     1.21325148e-001 
       2051     1.21325148e-001 
       2052     1.21325148e-001 
       2053     1.21325148e-001 
       2054     1.21325148e-001 
       2055     1.21325148e-001 
       2056     1.21325148e-001 
       2057     1.21325148e-001 
       2058     1.21325148e-001 
       2059     1.21325148e-001 
       2060     1.21325148e-001 
       2061     1.21325148e-001 
       2062     1.21325148e-001 
       2063     1.21325148e-001 
       2064     1.21325148e-001 
       2065     1.21325148e-001 
       2066     1.21325148e-001 
       2067     1.21325148e-001 
       2068     1.21325148e-001 
       2069     1.21325148e-001 
       2070     1.21325148e-001 
       2071     1.21325148e-001 
       2072     1.21325148e-001 
       2073     1.21325148e-001 
       2074     1.21325148e-001 
       2075     1.21325148e-001 
       2076     1.21325148e-001 
       2077     1.21325148e-001 
       2078     1.21325148e-001 
       2079     1.21325148e-001 
       2080     1.21325148e-001 
       2081     1.21325148e-001 
       2082     1.21325148e-001 
       2083     1.21325148e-001 
       2084     1.21325148e-001 
       2085     1.21325148e-001 
       2086     1.21325148e-001 
       2087     1.21325148e-001 
       2088     1.21325148e-001 
       2089     1.21325148e-001 
       2090     1.21325148e-001 
       2091     1.21325148e-001 
       2092     1.21325148e-001 
       2093     1.21325148e-001 
       2094     1.21325148e-001 
       2095     1.21325148e-001 
       2096     1.21325148e-001 
       2097     1.21325148e-001 
       2098     1.21325148e-001 
       2099     1.21325148e-001 
       2100     1.21325148e-001 
       2101     1.21325148e-001 
       2102     1.21325148e-001 
       2103     1.21325148e-001 
       2104     1.21325148e-001 
       2105     1.21325148e-001 
       2106     1.21325148e-001 
       2107     1.21325148e-001 
       2108     1.21325148e-001 
       2109     1.21325148e-001 
       2110     1.21325148e-001 
       2111     1.21325148e-001 
       2112     1.21325148e-001 
       2113     1.21325148e-001 
       2114     1.21325148e-001 
       2115     1.21325148e-001 
       2116     1.21325148e-001 
       2117     1.21325148e-001 
       2118     1.21325148e-001 
       2119     1.21325148e-001 
       2120     1.21325148e-001 
       2121     1.21325148e-001 
       2122     1.21325148e-001 
       2123     1.21325148e-001 
       2124     1.21325148e-001 
       2125     1.21325148e-001 
       2126     1.21325148e-001 
       2127     1.21325148e-001 
       2128     1.21325148e-001 
       2129     1.21325148e-001 
       2130     1.21325148e-001 
       2131     1.21325148e-001 
       2132     1.21325148e-001 
       2133     1.21325148e-001 
       2134     1.21325148e-001 
       2135     1.21325148e-001 
       2136     1.21325148e-001 
       2137     1.21325148e-001 
       2138     1.21325148e-001 
       2139     1.21325148e-001 
       2140     1.21325148e-001 
       2141     1.21325148e-001 
       2142     1.21325148e-001 
       2143     1.21325148e-001 
       2144     1.21325148e-001 
       2145     1.21325148e-001 
       2146     1.21325148e-001 
       2147     1.21325148e-001 
       2148     1.21325148e-001 
       2149     1.21325148e-001 
       2150     1.21325148e-001 
       2151     1.21325148e-001 
       2152     1.21325148e-001 
       2153     1.21325148e-001 
       2154     1.21325148e-001 
       2155     1.21325148e-001 
       2156     1.21325148e-001 
       2157     1.21325148e-001 
       2158     1.21325148e-001 
       2159     1.21325148e-001 
       2160     1.21325148e-001 
       2161     1.21325148e-001 
       2162     1.21325148e-001 
       2163     1.21325148e-001 
       2164     1.21325148e-001 
       2165     1.21325148e-001 
       2166     1.21325148e-001 
       2167     1.21325148e-001 
       2168     1.21325148e-001 
       2169     1.21325148e-001 
       2170     1.21325148e-001 
       2171     1.21325148e-001 
       2172     1.21325148e-001 
       2173     1.21325148e-001 
       2174     1.21325148e-001 
       2175     1.21325148e-001 
       2176     1.21325148e-001 
       2177     1.21325148e-001 
       2178     1.21325148e-001 
       2179     1.21325148e-001 
       2180     1.21325148e-001 
       2181     1.21325148e-001 
       2182     1.21325148e-001 
       2183     1.21325148e-001 
       2184     1.21325148e-001 
       2185     1.21325148e-001 
       2186     1.21325148e-001 
       2187     1.21325148e-001 
       2188     1.21325148e-001 
       2189     1.21325148e-001 
       2190     1.21325148e-001 
       2191     1.21325148e-001 
       2192     1.21325148e-001 
       2193     1.21325148e-001 
       2194     1.21325148e-001 
       2195     1.21325148e-001 
       2196     1.21325148e-001 
       2197     1.21325148e-001 
       2198     1.21325148e-001 
       2199     1.21325148e-001 
       2200     1.21325148e-001 
       2201     1.21325148e-001 
       2202     1.21325148e-001 
       2203     1.21325148e-001 
       2204     1.21325148e-001 
       2205     1.21325148e-001 
       2206     1.21325148e-001 
       2207     1.21325148e-001 
       2208     1.21325148e-001 
       2209     1.21325148e-001 
       2210     1.21325148e-001 
       2211     1.21325148e-001 
       2212     1.21325148e-001 
       2213     1.21325148e-001 
       2214     1.21325148e-001 
       2215     1.21325148e-001 
       2216     1.21325148e-001 
       2217     1.21325148e-001 
       2218     1.21325148e-001 
       2219     1.21325148e-001 
       2220     1.21325148e-001 
       2221     1.21325148e-001 
       2222     1.21325148e-001 
       2223     1.21325148e-001 
       2224     1.21325148e-001 
       2225     1.21325148e-001 
       2226     1.21325148e-001 
       2227     1.21325148e-001 
       2228     1.21325148e-001 
       2229     1.21325148e-001 
       2230     1.21325148e-001 
       2231     1.21325148e-001 
       2232     1.21325148e-001 
       2233     1.21325148e-001 
       2234     1.21325148e-001 
       2235     1.21325148e-001 
       2236     1.21325148e-001 
       2237     1.21325148e-001 
       2238     1.21325148e-001 
       2239     1.21325148e-001 
       2240     1.21325148e-001 
       2241     1.21325148e-001 
       2242     1.21325148e-001 
       2243     1.21325148e-001 
       2244     1.21325148e-001 
       2245     1.21325148e-001 
       2246     1.21325148e-001 
       2247     1.21325148e-001 
       2248     1.21325148e-001 
       2249     1.21325148e-001 
       2250     1.21325148e-001 
       2251     1.21325148e-001 
       2252     1.21325148e-001 
       2253     1.21325148e-001 
       2254     1.21325148e-001 
       2255     1.21325148e-001 
       2256     1.21325148e-001 
       2257     1.21325148e-001 
       2258     1.21325148e-001 
       2259     1.21325148e-001 
       2260     1.21325148e-001 
       2261     1.21325148e-001 
       2262     1.21325148e-001 
       2263     1.21325148e-001 
       2264     1.21325148e-001 
       2265     1.21325148e-001 
       2266     1.21325148e-001 
       2267     1.21325148e-001 
       2268     1.21325148e-001 
       2269     1.21325148e-001 
       2270     1.21325148e-001 
       2271     1.21325148e-001 
       2272     1.21325148e-001 
       2273     1.21325148e-001 
       2274     1.21325148e-001 
       2275     1.21325148e-001 
       2276     1.21325148e-001 
       2277     1.21325148e-001 
       2278     1.21325148e-001 
       2279     1.21325148e-001 
       2280     1.21325148e-001 
       2281     1.21325148e-001 
       2282     1.21325148e-001 
       2283     1.21325148e-001 
       2284     1.21325148e-001 
       2285     1.21325148e-001 
       2286     1.21325148e-001 
       2287     1.21325148e-001 
       2288     1.21325148e-001 
       2289     1.21325148e-001 
       2290     1.21325148e-001 
       2291     1.21325148e-001 
       2292     1.21325148e-001 
       2293     1.21325148e-001 
       2294     1.21325148e-001 
       2295     1.21325148e-001 
       2296     1.21325148e-001 
       2297     1.21325148e-001 
       2298     1.21325148e-001 
       2299     1.21325148e-001 
       2300     1.21325148e-001 
       2301     1.21325148e-001 
       2302     1.21325148e-001 
       2303     1.21325148e-001 
       2304     1.21325148e-001 
       2305     1.21325148e-001 
       2306     1.21325148e-001 
       2307     1.21325148e-001 
       2308     1.21325148e-001 
       2309     1.21325148e-001 
       2310     1.21325148e-001 
       2311     1.21325148e-001 
       2312     1.21325148e-001 
       2313     1.21325148e-001 
       2314     1.21325148e-001 
       2315     1.21325148e-001 
       2316     1.21325148e-001 
       2317     1.21325148e-001 
       2318     1.21325148e-001 
       2319     1.21325148e-001 
       2320     1.21325148e-001 
       2321     1.21325148e-001 
       2322     1.21325148e-001 
       2323     1.21325148e-001 
       2324     1.21325148e-001 
       2325     1.21325148e-001 
       2326     1.21325148e-001 
       2327     1.21325148e-001 
       2328     1.21325148e-001 
       2329     1.21325148e-001 
       2330     1.21325148e-001 
       2331     1.21325148e-001 
       2332     1.21325148e-001 
       2333     1.21325148e-001 
       2334     1.21325148e-001 
       2335     1.21325148e-001 
       2336     1.21325148e-001 
       2337     1.21325148e-001 
       2338     1.21325148e-001 
       2339     1.21325148e-001 
       2340     1.21325148e-001 
       2341     1.21325148e-001 
       2342     1.21325148e-001 
       2343     1.21325148e-001 
       2344     1.21325148e-001 
       2345     1.21325148e-001 
       2346     1.21325148e-001 
       2347     1.21325148e-001 
       2348     1.21325148e-001 
       2349     1.21325148e-001 
       2350     1.21325148e-001 
       2351     1.21325148e-001 
       2352     1.21325148e-001 
       2353     1.21325148e-001 
       2354     1.21325148e-001 
       2355     1.21325148e-001 
       2356     1.21325148e-001 
       2357     1.21325148e-001 
       2358     1.21325148e-001 
       2359     1.21325148e-001 
       2360     1.21325148e-001 
       2361     1.21325148e-001 
       2362     1.21325148e-001 
       2363     1.21325148e-001 
       2364     1.21325148e-001 
       2365     1.21325148e-001 
       2366     1.21325148e-001 
       2367     1.21325148e-001 
       2368     1.21325148e-001 
       2369     1.21325148e-001 
       2370     1.21325148e-001 
       2371     1.21325148e-001 
       2372     1.21325148e-001 
       2373     1.21325148e-001 
       2374     1.21325148e-001 
       2375     1.21325148e-001 
       2376     1.21325148e-001 
       2377     1.21325148e-001 
       2378     1.21325148e-001 
       2379     1.21325148e-001 
       2380     1.21325148e-001 
       2381     1.21325148e-001 
       2382     1.21325148e-001 
       2383     1.21325148e-001 
       2384     1.21325148e-001 
       2385     1.21325148e-001 
       2386     1.21325148e-001 
       2387     1.21325148e-001 
       2388     1.21325148e-001 
       2389     1.21325148e-001 
       2390     1.21325148e-001 
       2391     1.21325148e-001 
       2392     1.21325148e-001 
       2393     1.21325148e-001 
       2394     1.21325148e-001 
       2395     1.21325148e-001 
       2396     1.21325148e-001 
       2397     1.21325148e-001 
       2398     1.21325148e-001 
       2399     1.21325148e-001 
       2400     1.21325148e-001 
       2401     1.21325148e-001 
       2402     1.21325148e-001 
       2403     1.21325148e-001 
       2404     1.21325148e-001 
       2405     1.21325148e-001 
       2406     1.21325148e-001 
       2407     1.21325148e-001 
       2408     1.21325148e-001 
       2409     1.21325148e-001 
       2410     1.21325148e-001 
       2411     1.21325148e-001 
       2412     1.21325148e-001 
       2413     1.21325148e-001 
       2414     1.21325148e-001 
       2415     1.21325148e-001 
       2416     1.21325148e-001 
       2417     1.21325148e-001 
       2418     1.21325148e-001 
       2419     1.21325148e-001 
       2420     1.21325148e-001 
       2421     1.21325148e-001 
       2422     1.21325148e-001 
       2423     1.21325148e-001 
       2424     1.21325148e-001 
       2425     1.21325148e-001 
       2426     1.21325148e-001 
       2427     1.21325148e-001 
       2428     1.21325148e-001 
       2429     1.21325148e-001 
       2430     1.21325148e-001 
       2431     1.21325148e-001 
       2432     1.21325148e-001 
       2433     1.21325148e-001 
       2434     1.21325148e-001 
       2435     1.21325148e-001 
       2436     1.21325148e-001 
       2437     1.21325148e-001 
       2438     1.21325148e-001 
       2439     1.21325148e-001 
       2440     1.21325148e-001 
       2441     1.21325148e-001 
       2442     1.21325148e-001 
       2443     1.21325148e-001 
       2444     1.21325148e-001 
       2445     1.21325148e-001 
       2446     1.21325148e-001 
       2447     1.21325148e-001 
       2448     1.21325148e-001 
       2449     1.21325148e-001 
       2450     1.21325148e-001 
       2451     1.21325148e-001 
       2452     1.21325148e-001 
       2453     1.21325148e-001 
       2454     1.21325148e-001 
       2455     1.21325148e-001 
       2456     1.21325148e-001 
       2457     1.21325148e-001 
       2458     1.21325148e-001 
       2459     1.21325148e-001 
       2460     1.21325148e-001 
       2461     1.21325148e-001 
       2462     1.21325148e-001 
       2463     1.21325148e-001 
       2464     1.21325148e-001 
       2465     1.21325148e-001 
       2466     1.21325148e-001 
       2467     1.21325148e-001 
       2468     1.21325148e-001 
       2469     1.21325148e-001 
       2470     1.21325148e-001 
       2471     1.21325148e-001 
       2472     1.21325148e-001 
       2473     1.21325148e-001 
       2474     1.21325148e-001 
       2475     1.21325148e-001 
       2476     1.21325148e-001 
       2477     1.21325148e-001 
       2478     1.21325148e-001 
       2479     1.21325148e-001 
       2480     1.21325148e-001 
       2481     1.21325148e-001 
       2482     1.21325148e-001 
       2483     1.21325148e-001 
       2484     1.21325148e-001 
       2485     1.21325148e-001 
       2486     1.21325148e-001 
       2487     1.21325148e-001 
       2488     1.21325148e-001 
       2489     1.21325148e-001 
       2490     1.21325148e-001 
       2491     1.21325148e-001 
       2492     1.21325148e-001 
       2493     1.21325148e-001 
       2494     1.21325148e-001 
       2495     1.21325148e-001 
       2496     1.21325148e-001 
       2497     1.21325148e-001 
       2498     1.21325148e-001 
       2499     1.21325148e-001 
       2500     1.21325148e-001 
       2501     1.21325148e-001 
       2502     1.21325148e-001 
       2503     1.21325148e-001 
       2504     1.21325148e-001 
       2505     1.21325148e-001 
       2506     1.21325148e-001 
       2507     1.21325148e-001 
       2508     1.21325148e-001 
       2509     1.21325148e-001 
       2510     1.21325148e-001 
       2511     1.21325148e-001 
       2512     1.21325148e-001 
       2513     1.21325148e-001 
       2514     1.21325148e-001 
       2515     1.21325148e-001 
       2516     1.21325148e-001 
       2517     1.21325148e-001 
       2518     1.21325148e-001 
       2519     1.21325148e-001 
       2520     1.21325148e-001 
       2521     1.21325148e-001 
       2522     1.21325148e-001 
       2523     1.21325148e-001 
       2524     1.21325148e-001 
       2525     1.21325148e-001 
       2526     1.21325148e-001 
       2527     1.21325148e-001 
       2528     1.21325148e-001 
       2529     1.21325148e-001 
       2530     1.21325148e-001 
       2531     1.21325148e-001 
       2532     1.21325148e-001 
       2533     1.21325148e-001 
       2534     1.21325148e-001 
       2535     1.21325148e-001 
       2536     1.21325148e-001 
       2537     1.21325148e-001 
       2538     1.21325148e-001 
       2539     1.21325148e-001 
       2540     1.21325148e-001 
       2541     1.21325148e-001 
       2542     1.21325148e-001 
       2543     1.21325148e-001 
       2544     1.21325148e-001 
       2545     1.21325148e-001 
       2546     1.21325148e-001 
       2547     1.21325148e-001 
       2548     1.21325148e-001 
       2549     1.21325148e-001 
       2550     1.21325148e-001 
       2551     1.21325148e-001 
       2552     1.21325148e-001 
       2553     1.21325148e-001 
       2554     1.21325148e-001 
       2555     1.21325148e-001 
       2556     1.21325148e-001 
       2557     1.21325148e-001 
       2558     1.21325148e-001 
       2559     1.21325148e-001 
       2560     1.21325148e-001 
       2561     1.21325148e-001 
       2562     1.21325148e-001 
       2563     1.21325148e-001 
       2564     1.21325148e-001 
       2565     1.21325148e-001 
       2566     1.21325148e-001 
       2567     1.21325148e-001 
       2568     1.21325148e-001 
       2569     1.21325148e-001 
       2570     1.21325148e-001 
       2571     1.21325148e-001 
       2572     1.21325148e-001 
       2573     1.21325148e-001 
       2574     1.21325148e-001 
       2575     1.21325148e-001 
       2576     1.21325148e-001 
       2577     1.21325148e-001 
       2578     1.21325148e-001 
       2579     1.21325148e-001 
       2580     1.21325148e-001 
       2581     1.21325148e-001 
       2582     1.21325148e-001 
       2583     1.21325148e-001 
       2584     1.21325148e-001 
       2585     1.21325148e-001 
       2586     1.21325148e-001 
       2587     1.21325148e-001 
       2588     1.21325148e-001 
       2589     1.21325148e-001 
       2590     1.21325148e-001 
       2591     1.21325148e-001 
       2592     1.21325148e-001 
       2593     1.21325148e-001 
       2594     1.21325148e-001 
       2595     1.21325148e-001 
       2596     1.21325148e-001 
       2597     1.21325148e-001 
       2598     1.21325148e-001 
       2599     1.21325148e-001 
       2600     1.21325148e-001 
