 
__MAGICC 6.X MISC DATA OUTPUT FILE__ 
 
OUTPUT:   Inverse emission estimate of HFC143a 
RUN:     RCP_30Oct 
RUN_ID:             1 
DATE:    No Date specified. 
MAGICC-VERSION:   6.3.01 BETA, 30 September 2009 
GAS:   HFC143a 
 
COMPILED BY:  Malte Meinshausen, malte.meinshausen@pik-potsdam.de, www.primap.org 
SOURCE:  Inverse emisisons of HFC143a estimated from default lifetime and atmospheric abundance observations. 
NOTE:   For RCP distribution, 30 October 2009 
 

&THISFILE_SPECIFICATIONS 
 THISFILE_DATACOLUMNS    =    1  ,
 THISFILE_FIRSTYEAR      = 1765  ,
 THISFILE_LASTYEAR       = 2005  ,
 THISFILE_ANNUALSTEPS    =    1  ,
 THISFILE_FIRSTDATAROW   =   27  ,
 THISFILE_UNITS          = kt  ,
 THISFILE_DATTYPE        = FOURBOXDATA  ,
/  

    COLCODE              GLOBAL
       1765     0.00000000e+000 
       1766     0.00000000e+000 
       1767     0.00000000e+000 
       1768     0.00000000e+000 
       1769     0.00000000e+000 
       1770     0.00000000e+000 
       1771     0.00000000e+000 
       1772     0.00000000e+000 
       1773     0.00000000e+000 
       1774     0.00000000e+000 
       1775     0.00000000e+000 
       1776     0.00000000e+000 
       1777     0.00000000e+000 
       1778     0.00000000e+000 
       1779     0.00000000e+000 
       1780     0.00000000e+000 
       1781     0.00000000e+000 
       1782     0.00000000e+000 
       1783     0.00000000e+000 
       1784     0.00000000e+000 
       1785     0.00000000e+000 
       1786     0.00000000e+000 
       1787     0.00000000e+000 
       1788     0.00000000e+000 
       1789     0.00000000e+000 
       1790     0.00000000e+000 
       1791     0.00000000e+000 
       1792     0.00000000e+000 
       1793     0.00000000e+000 
       1794     0.00000000e+000 
       1795     0.00000000e+000 
       1796     0.00000000e+000 
       1797     0.00000000e+000 
       1798     0.00000000e+000 
       1799     0.00000000e+000 
       1800     0.00000000e+000 
       1801     0.00000000e+000 
       1802     0.00000000e+000 
       1803     0.00000000e+000 
       1804     0.00000000e+000 
       1805     0.00000000e+000 
       1806     0.00000000e+000 
       1807     0.00000000e+000 
       1808     0.00000000e+000 
       1809     0.00000000e+000 
       1810     0.00000000e+000 
       1811     0.00000000e+000 
       1812     0.00000000e+000 
       1813     0.00000000e+000 
       1814     0.00000000e+000 
       1815     0.00000000e+000 
       1816     0.00000000e+000 
       1817     0.00000000e+000 
       1818     0.00000000e+000 
       1819     0.00000000e+000 
       1820     0.00000000e+000 
       1821     0.00000000e+000 
       1822     0.00000000e+000 
       1823     0.00000000e+000 
       1824     0.00000000e+000 
       1825     0.00000000e+000 
       1826     0.00000000e+000 
       1827     0.00000000e+000 
       1828     0.00000000e+000 
       1829     0.00000000e+000 
       1830     0.00000000e+000 
       1831     0.00000000e+000 
       1832     0.00000000e+000 
       1833     0.00000000e+000 
       1834     0.00000000e+000 
       1835     0.00000000e+000 
       1836     0.00000000e+000 
       1837     0.00000000e+000 
       1838     0.00000000e+000 
       1839     0.00000000e+000 
       1840     0.00000000e+000 
       1841     0.00000000e+000 
       1842     0.00000000e+000 
       1843     0.00000000e+000 
       1844     0.00000000e+000 
       1845     0.00000000e+000 
       1846     0.00000000e+000 
       1847     0.00000000e+000 
       1848     0.00000000e+000 
       1849     0.00000000e+000 
       1850     0.00000000e+000 
       1851     0.00000000e+000 
       1852     0.00000000e+000 
       1853     0.00000000e+000 
       1854     0.00000000e+000 
       1855     0.00000000e+000 
       1856     0.00000000e+000 
       1857     0.00000000e+000 
       1858     0.00000000e+000 
       1859     0.00000000e+000 
       1860     0.00000000e+000 
       1861     0.00000000e+000 
       1862     0.00000000e+000 
       1863     0.00000000e+000 
       1864     0.00000000e+000 
       1865     0.00000000e+000 
       1866     0.00000000e+000 
       1867     0.00000000e+000 
       1868     0.00000000e+000 
       1869     0.00000000e+000 
       1870     0.00000000e+000 
       1871     0.00000000e+000 
       1872     0.00000000e+000 
       1873     0.00000000e+000 
       1874     0.00000000e+000 
       1875     0.00000000e+000 
       1876     0.00000000e+000 
       1877     0.00000000e+000 
       1878     0.00000000e+000 
       1879     0.00000000e+000 
       1880     0.00000000e+000 
       1881     0.00000000e+000 
       1882     0.00000000e+000 
       1883     0.00000000e+000 
       1884     0.00000000e+000 
       1885     0.00000000e+000 
       1886     0.00000000e+000 
       1887     0.00000000e+000 
       1888     0.00000000e+000 
       1889     0.00000000e+000 
       1890     0.00000000e+000 
       1891     0.00000000e+000 
       1892     0.00000000e+000 
       1893     0.00000000e+000 
       1894     0.00000000e+000 
       1895     0.00000000e+000 
       1896     0.00000000e+000 
       1897     0.00000000e+000 
       1898     0.00000000e+000 
       1899     0.00000000e+000 
       1900     0.00000000e+000 
       1901     0.00000000e+000 
       1902     0.00000000e+000 
       1903     0.00000000e+000 
       1904     0.00000000e+000 
       1905     0.00000000e+000 
       1906     0.00000000e+000 
       1907     0.00000000e+000 
       1908     0.00000000e+000 
       1909     0.00000000e+000 
       1910     0.00000000e+000 
       1911     0.00000000e+000 
       1912     0.00000000e+000 
       1913     0.00000000e+000 
       1914     0.00000000e+000 
       1915     0.00000000e+000 
       1916     0.00000000e+000 
       1917     0.00000000e+000 
       1918     0.00000000e+000 
       1919     0.00000000e+000 
       1920     0.00000000e+000 
       1921     0.00000000e+000 
       1922     0.00000000e+000 
       1923     0.00000000e+000 
       1924     0.00000000e+000 
       1925     0.00000000e+000 
       1926     0.00000000e+000 
       1927     0.00000000e+000 
       1928     0.00000000e+000 
       1929     0.00000000e+000 
       1930     0.00000000e+000 
       1931     0.00000000e+000 
       1932     0.00000000e+000 
       1933     0.00000000e+000 
       1934     0.00000000e+000 
       1935     0.00000000e+000 
       1936     0.00000000e+000 
       1937     0.00000000e+000 
       1938     0.00000000e+000 
       1939     0.00000000e+000 
       1940     0.00000000e+000 
       1941     0.00000000e+000 
       1942     0.00000000e+000 
       1943     0.00000000e+000 
       1944     0.00000000e+000 
       1945     0.00000000e+000 
       1946     0.00000000e+000 
       1947     0.00000000e+000 
       1948     0.00000000e+000 
       1949     0.00000000e+000 
       1950     0.00000000e+000 
       1951     0.00000000e+000 
       1952     0.00000000e+000 
       1953     0.00000000e+000 
       1954     0.00000000e+000 
       1955     0.00000000e+000 
       1956     0.00000000e+000 
       1957     0.00000000e+000 
       1958     0.00000000e+000 
       1959     0.00000000e+000 
       1960     0.00000000e+000 
       1961     0.00000000e+000 
       1962     0.00000000e+000 
       1963     0.00000000e+000 
       1964     0.00000000e+000 
       1965     0.00000000e+000 
       1966     0.00000000e+000 
       1967     0.00000000e+000 
       1968     0.00000000e+000 
       1969     0.00000000e+000 
       1970     3.56403910e-001 
       1971     3.63165920e-001 
       1972     3.69935730e-001 
       1973     3.76713370e-001 
       1974     3.83498830e-001 
       1975     3.90292130e-001 
       1976     3.97093280e-001 
       1977     4.03902270e-001 
       1978     5.42995600e-002 
       1979     5.43309470e-002 
       1980     7.67209310e-001 
       1981     7.80792920e-001 
       1982     8.15282940e-002 
       1983     7.94365760e-001 
       1984     8.07943090e-001 
       1985     1.08674130e-001 
       1986     8.21507280e-001 
       1987     1.54792090e+000 
       1988     8.62227490e-001 
       1989     8.75792340e-001 
       1990     8.89209790e-001 
       1991     9.02612060e-001 
       1992     1.62865360e+000 
       1993     2.36859650e+000 
       1994     3.83475840e+000 
       1995     6.04096280e+000 
       1996     6.14998760e+000 
       1997     6.25874930e+000 
       1998     6.36768290e+000 
       1999     6.47752490e+000 
       2000     6.23400000e+000 
       2001     7.49470000e+000 
       2002     8.73890000e+000 
       2003     9.97760000e+000 
       2004     1.12136000e+001 
       2005     1.24483000e+001 
