 
__MAGICC 6.X MISC DATA OUTPUT FILE__ 
 
OUTPUT:   Inverse emission estimate of HFC23 
RUN:     RCP_30Oct 
RUN_ID:             1 
DATE:    No Date specified. 
MAGICC-VERSION:   6.3.01 BETA, 30 September 2009 
GAS:   HFC23 
 
COMPILED BY:  Malte Meinshausen, malte.meinshausen@pik-potsdam.de, www.primap.org 
SOURCE:  Inverse emisisons of HFC23 estimated from default lifetime and atmospheric abundance observations. 
NOTE:   For RCP distribution, 30 October 2009 
 

&THISFILE_SPECIFICATIONS 
 THISFILE_DATACOLUMNS    =    1  ,
 THISFILE_FIRSTYEAR      = 1765  ,
 THISFILE_LASTYEAR       = 2005  ,
 THISFILE_ANNUALSTEPS    =    1  ,
 THISFILE_FIRSTDATAROW   =   27  ,
 THISFILE_UNITS          = kt  ,
 THISFILE_DATTYPE        = FOURBOXDATA  ,
/  

    COLCODE              GLOBAL
       1765     0.00000000e+000 
       1766     0.00000000e+000 
       1767     0.00000000e+000 
       1768     0.00000000e+000 
       1769     0.00000000e+000 
       1770     0.00000000e+000 
       1771     0.00000000e+000 
       1772     0.00000000e+000 
       1773     0.00000000e+000 
       1774     0.00000000e+000 
       1775     0.00000000e+000 
       1776     0.00000000e+000 
       1777     0.00000000e+000 
       1778     0.00000000e+000 
       1779     0.00000000e+000 
       1780     0.00000000e+000 
       1781     0.00000000e+000 
       1782     0.00000000e+000 
       1783     0.00000000e+000 
       1784     0.00000000e+000 
       1785     0.00000000e+000 
       1786     0.00000000e+000 
       1787     0.00000000e+000 
       1788     0.00000000e+000 
       1789     0.00000000e+000 
       1790     0.00000000e+000 
       1791     0.00000000e+000 
       1792     0.00000000e+000 
       1793     0.00000000e+000 
       1794     0.00000000e+000 
       1795     0.00000000e+000 
       1796     0.00000000e+000 
       1797     0.00000000e+000 
       1798     0.00000000e+000 
       1799     0.00000000e+000 
       1800     0.00000000e+000 
       1801     0.00000000e+000 
       1802     0.00000000e+000 
       1803     0.00000000e+000 
       1804     0.00000000e+000 
       1805     0.00000000e+000 
       1806     0.00000000e+000 
       1807     0.00000000e+000 
       1808     0.00000000e+000 
       1809     0.00000000e+000 
       1810     0.00000000e+000 
       1811     0.00000000e+000 
       1812     0.00000000e+000 
       1813     0.00000000e+000 
       1814     0.00000000e+000 
       1815     0.00000000e+000 
       1816     0.00000000e+000 
       1817     0.00000000e+000 
       1818     0.00000000e+000 
       1819     0.00000000e+000 
       1820     0.00000000e+000 
       1821     0.00000000e+000 
       1822     0.00000000e+000 
       1823     0.00000000e+000 
       1824     0.00000000e+000 
       1825     0.00000000e+000 
       1826     0.00000000e+000 
       1827     0.00000000e+000 
       1828     0.00000000e+000 
       1829     0.00000000e+000 
       1830     0.00000000e+000 
       1831     0.00000000e+000 
       1832     0.00000000e+000 
       1833     0.00000000e+000 
       1834     0.00000000e+000 
       1835     0.00000000e+000 
       1836     0.00000000e+000 
       1837     0.00000000e+000 
       1838     0.00000000e+000 
       1839     0.00000000e+000 
       1840     0.00000000e+000 
       1841     0.00000000e+000 
       1842     0.00000000e+000 
       1843     0.00000000e+000 
       1844     0.00000000e+000 
       1845     0.00000000e+000 
       1846     0.00000000e+000 
       1847     0.00000000e+000 
       1848     0.00000000e+000 
       1849     0.00000000e+000 
       1850     0.00000000e+000 
       1851     0.00000000e+000 
       1852     0.00000000e+000 
       1853     0.00000000e+000 
       1854     0.00000000e+000 
       1855     0.00000000e+000 
       1856     0.00000000e+000 
       1857     0.00000000e+000 
       1858     0.00000000e+000 
       1859     0.00000000e+000 
       1860     0.00000000e+000 
       1861     0.00000000e+000 
       1862     0.00000000e+000 
       1863     0.00000000e+000 
       1864     0.00000000e+000 
       1865     0.00000000e+000 
       1866     0.00000000e+000 
       1867     0.00000000e+000 
       1868     0.00000000e+000 
       1869     0.00000000e+000 
       1870     0.00000000e+000 
       1871     0.00000000e+000 
       1872     0.00000000e+000 
       1873     0.00000000e+000 
       1874     0.00000000e+000 
       1875     0.00000000e+000 
       1876     0.00000000e+000 
       1877     0.00000000e+000 
       1878     0.00000000e+000 
       1879     0.00000000e+000 
       1880     0.00000000e+000 
       1881     0.00000000e+000 
       1882     0.00000000e+000 
       1883     0.00000000e+000 
       1884     0.00000000e+000 
       1885     0.00000000e+000 
       1886     0.00000000e+000 
       1887     0.00000000e+000 
       1888     0.00000000e+000 
       1889     0.00000000e+000 
       1890     0.00000000e+000 
       1891     0.00000000e+000 
       1892     0.00000000e+000 
       1893     0.00000000e+000 
       1894     0.00000000e+000 
       1895     0.00000000e+000 
       1896     0.00000000e+000 
       1897     0.00000000e+000 
       1898     0.00000000e+000 
       1899     0.00000000e+000 
       1900     0.00000000e+000 
       1901     0.00000000e+000 
       1902     0.00000000e+000 
       1903     0.00000000e+000 
       1904     0.00000000e+000 
       1905     0.00000000e+000 
       1906     0.00000000e+000 
       1907     0.00000000e+000 
       1908     0.00000000e+000 
       1909     0.00000000e+000 
       1910     0.00000000e+000 
       1911     0.00000000e+000 
       1912     0.00000000e+000 
       1913     0.00000000e+000 
       1914     0.00000000e+000 
       1915     0.00000000e+000 
       1916     0.00000000e+000 
       1917     0.00000000e+000 
       1918     0.00000000e+000 
       1919     0.00000000e+000 
       1920     0.00000000e+000 
       1921     0.00000000e+000 
       1922     0.00000000e+000 
       1923     0.00000000e+000 
       1924     0.00000000e+000 
       1925     0.00000000e+000 
       1926     0.00000000e+000 
       1927     0.00000000e+000 
       1928     0.00000000e+000 
       1929     0.00000000e+000 
       1930     7.49212170e-001 
       1931     6.79073800e-002 
       1932     7.38124340e-002 
       1933     8.02309740e-002 
       1934     8.72076570e-002 
       1935     9.47910150e-002 
       1936     1.03033810e-001 
       1937     1.11993350e-001 
       1938     1.21732030e-001 
       1939     1.32317520e-001 
       1940     1.43823530e-001 
       1941     1.56332330e-001 
       1942     1.69929070e-001 
       1943     1.84708360e-001 
       1944     2.00773060e-001 
       1945     2.18234950e-001 
       1946     2.37215570e-001 
       1947     2.57847000e-001 
       1948     2.80272790e-001 
       1949     3.04649050e-001 
       1950     3.31145390e-001 
       1951     3.59931470e-001 
       1952     3.91219870e-001 
       1953     4.25228140e-001 
       1954     4.62192720e-001 
       1955     5.02370610e-001 
       1956     5.46041100e-001 
       1957     5.93507810e-001 
       1958     6.45100790e-001 
       1959     7.01178660e-001 
       1960     7.62131350e-001 
       1961     8.28408580e-001 
       1962     9.00449500e-001 
       1963     9.78755300e-001 
       1964     1.06387080e+000 
       1965     1.15638820e+000 
       1966     1.25695120e+000 
       1967     1.36625960e+000 
       1968     1.48507360e+000 
       1969     1.61422000e+000 
       1970     1.75459740e+000 
       1971     1.90721790e+000 
       1972     2.07311360e+000 
       1973     2.25343960e+000 
       1974     2.44945100e+000 
       1975     2.66251210e+000 
       1976     2.89410580e+000 
       1977     3.57750360e+000 
       1978     3.80856180e+000 
       1979     4.04044250e+000 
       1980     4.27314680e+000 
       1981     4.50654710e+000 
       1982     4.74075180e+000 
       1983     4.97576090e+000 
       1984     5.21157410e+000 
       1985     5.44819120e+000 
       1986     5.68561190e+000 
       1987     5.92383600e+000 
       1988     6.16286320e+000 
       1989     6.40269350e+000 
       1990     6.64303500e+000 
       1991     6.88415920e+000 
       1992     7.12573800e+000 
       1993     7.36883940e+000 
       1994     7.61251430e+000 
       1995     1.02442390e+001 
       1996     1.02810100e+001 
       1997     1.03173430e+001 
       1998     1.03537640e+001 
       1999     1.03908340e+001 
       2000     1.04281980e+001 
       2001     1.04652650e+001 
       2002     1.05018740e+001 
       2003     1.05385100e+001 
       2004     1.05454000e+001 
       2005     1.08116000e+001 
