
__RCP Historical Concentration File: C2F6__
 
Data: Global average mixing ratio 
Gas: C2F6 
Unit: Parts per trillion (ppt) 
Description: End of year historical C2F6 mixing ratio determined from firn air (Worton et al. 1997, Fig 2b - model results 1940 to 2001; linearly interpolated to zero levels in 1900) 
Source: Worton et al. 2007, Figure 2b,  http://pubs.acs.org/doi/pdf/10.1021/es061710t 
Compiled by: Malte Meinshausen, malte.meinshausen@pik-potsdam.de 
Date: 18-Jul-2006 10:44:17 
 
 

&THISFILE_SPECIFICATIONS 
 THISFILE_DATACOLUMNS    =    1  ,
 THISFILE_FIRSTYEAR      = 1899  ,
 THISFILE_LASTYEAR       = 2000  ,
 THISFILE_ANNUALSTEPS    =    1  ,
 THISFILE_FIRSTDATAROW   =   25  ,
 THISFILE_UNITS          = ppt  ,
 THISFILE_DATTYPE        = STANDARD  ,
/  

    COLCODE              GLOBAL
       1899     0.00000000e+000 
       1900     4.05003545e-002 
       1901     4.26319521e-002 
       1902     4.48757390e-002 
       1903     4.72376200e-002 
       1904     4.97238105e-002 
       1905     5.23408532e-002 
       1906     5.50956349e-002 
       1907     5.79954052e-002 
       1908     6.10477949e-002 
       1909     6.42608368e-002 
       1910     6.76429861e-002 
       1911     7.12031433e-002 
       1912     7.49506771e-002 
       1913     7.88954496e-002 
       1914     8.30478417e-002 
       1915     8.74187807e-002 
       1916     9.20197692e-002 
       1917     9.68629149e-002 
       1918     1.01960963e-001 
       1919     1.07327330e-001 
       1920     1.12976136e-001 
       1921     1.18922249e-001 
       1922     1.25181315e-001 
       1923     1.31769805e-001 
       1924     1.38705058e-001 
       1925     1.46005324e-001 
       1926     1.53689815e-001 
       1927     1.61778752e-001 
       1928     1.70293423e-001 
       1929     1.79256235e-001 
       1930     1.88690774e-001 
       1931     1.98621867e-001 
       1932     2.09075650e-001 
       1933     2.20079631e-001 
       1934     2.31662770e-001 
       1935     2.43855547e-001 
       1936     2.56690050e-001 
       1937     2.70200052e-001 
       1938     2.84421107e-001 
       1939     2.99390639e-001 
       1940     3.15148042e-001 
       1941     3.31734781e-001 
       1942     3.49194506e-001 
       1943     3.65825715e-001 
       1944     3.81764391e-001 
       1945     3.97099935e-001 
       1946     4.11921753e-001 
       1947     4.26319245e-001 
       1948     4.40381817e-001 
       1949     4.54198871e-001 
       1950     4.67859810e-001 
       1951     4.81454037e-001 
       1952     4.95070955e-001 
       1953     5.08799968e-001 
       1954     5.22730479e-001 
       1955     5.36951891e-001 
       1956     5.51553607e-001 
       1957     5.66625031e-001 
       1958     5.82255564e-001 
       1959     5.98534612e-001 
       1960     6.15551576e-001 
       1961     6.33395860e-001 
       1962     6.52156867e-001 
       1963     6.71924000e-001 
       1964     6.92786663e-001 
       1965     7.14834258e-001 
       1966     7.38156189e-001 
       1967     7.62841859e-001 
       1968     7.88980671e-001 
       1969     8.16662028e-001 
       1970     8.45975334e-001 
       1971     8.77009991e-001 
       1972     9.09855403e-001 
       1973     9.44600972e-001 
       1974     9.81336103e-001 
       1975     1.02015020e+000 
       1976     1.06113266e+000 
       1977     1.10437289e+000 
       1978     1.14996030e+000 
       1979     1.19798428e+000 
       1980     1.24853425e+000 
       1981     1.30169959e+000 
       1982     1.35756973e+000 
       1983     1.41623405e+000 
       1984     1.47778196e+000 
       1985     1.54230287e+000 
       1986     1.60988618e+000 
       1987     1.68062130e+000 
       1988     1.75459761e+000 
       1989     1.83190454e+000 
       1990     1.91263148e+000 
       1991     2.00000000e+000 
       1992     2.10000000e+000 
       1993     2.20000000e+000 
       1994     2.30000000e+000 
       1995     2.40000000e+000 
       1996     2.50000000e+000 
       1997     2.60000000e+000 
       1998     2.70000000e+000 
       1999     2.80000000e+000 
       2000     2.90000000e+000 
