RCPTOOL - MAGICC 6.X DATA FILE 
VERSION:   ALPHA - FIRST DRAFT - PRIMAP xls file written on 02 Sep 2009, 17:04:37 
 
 
DATA:  Historical landuse CO2 (CO2B) Emissions (HISTRCP_CO2B_EMIS) 
SOURCE:  RCP data as presented on http://www.iiasa.ac.at/web-apps/tnt/RcpDb, August 2009 
CONTACT:  Base year emissions inventories: Steve Smith (ssmith@pnl.gov) and Jean-Francois Lamarque (Jean-Francois.Lamarque@noaa.gov); RCP 3-PD (IMAGE): Detlef van Vuuren (detlef.vanvuuren@pbl.nl); RCP 4.5 (MiniCAM): Allison Thomson (Allison.Thomson@pnl.gov); RCP 6.0 (AIM): Toshihiko Masui (masui@nies.go.jp); RCP 8.5 (MESSAGE): Keywan Riahi (riahi@iiasa.ac.at); Concentrations & Forcing compilation: Malte Meinshausen (malte.meinshausen@pik-potsdam.de) 
 
 
 
 

&THISFILE_SPECIFICATIONS 
 THISFILE_DATACOLUMNS    =    6  ,
 THISFILE_FIRSTYEAR      = 1765  ,
 THISFILE_LASTYEAR       = 2005  ,
 THISFILE_ANNUALSTEPS    =    1  ,
 THISFILE_FIRSTDATAROW   =   24  ,
 THISFILE_UNITS          = GtC  ,
 THISFILE_DATTYPE        = REGIONDATA  ,
/  

    COLCODE              R5OECD               R5REF              R5ASIA               R5MAF               R5LAM             BUNKERS
       1765     0.00000000e+000     0.00000000e+000     0.00000000e+000     0.00000000e+000     0.00000000e+000     0.00000000e+000 
       1766     2.64334000e-003     6.88907059e-004     2.24978706e-003     3.10070588e-005     2.76184706e-004     0.00000000e+000 
       1767     5.28668000e-003     1.37781412e-003     4.49957412e-003     6.20141176e-005     5.52369412e-004     0.00000000e+000 
       1768     7.93002000e-003     2.06672118e-003     6.74936118e-003     9.30211765e-005     8.28554118e-004     0.00000000e+000 
       1769     1.05733600e-002     2.75562824e-003     8.99914824e-003     1.24028235e-004     1.10473882e-003     0.00000000e+000 
       1770     1.32167000e-002     3.44453529e-003     1.12489353e-002     1.55035294e-004     1.38092353e-003     0.00000000e+000 
       1771     1.58600400e-002     4.13344235e-003     1.34987224e-002     1.86042353e-004     1.65710824e-003     0.00000000e+000 
       1772     1.85033800e-002     4.82234941e-003     1.57485094e-002     2.17049412e-004     1.93329294e-003     0.00000000e+000 
       1773     2.11467200e-002     5.51125647e-003     1.79982965e-002     2.48056471e-004     2.20947765e-003     0.00000000e+000 
       1774     2.37900600e-002     6.20016353e-003     2.02480835e-002     2.79063529e-004     2.48566235e-003     0.00000000e+000 
       1775     2.64334000e-002     6.88907059e-003     2.24978706e-002     3.10070588e-004     2.76184706e-003     0.00000000e+000 
       1776     2.90767400e-002     7.57797765e-003     2.47476576e-002     3.41077647e-004     3.03803176e-003     0.00000000e+000 
       1777     3.17200800e-002     8.26688471e-003     2.69974447e-002     3.72084706e-004     3.31421647e-003     0.00000000e+000 
       1778     3.43634200e-002     8.95579176e-003     2.92472318e-002     4.03091765e-004     3.59040118e-003     0.00000000e+000 
       1779     3.70067600e-002     9.64469882e-003     3.14970188e-002     4.34098824e-004     3.86658588e-003     0.00000000e+000 
       1780     3.96501000e-002     1.03336059e-002     3.37468059e-002     4.65105882e-004     4.14277059e-003     0.00000000e+000 
       1781     4.22934400e-002     1.10225129e-002     3.59965929e-002     4.96112941e-004     4.41895529e-003     0.00000000e+000 
       1782     4.49367800e-002     1.17114200e-002     3.82463800e-002     5.27120000e-004     4.69514000e-003     0.00000000e+000 
       1783     4.75801200e-002     1.24003271e-002     4.04961671e-002     5.58127059e-004     4.97132471e-003     0.00000000e+000 
       1784     5.02234600e-002     1.30892341e-002     4.27459541e-002     5.89134118e-004     5.24750941e-003     0.00000000e+000 
       1785     5.28668000e-002     1.37781412e-002     4.49957412e-002     6.20141176e-004     5.52369412e-003     0.00000000e+000 
       1786     5.55101400e-002     1.44670482e-002     4.72455282e-002     6.51148235e-004     5.79987882e-003     0.00000000e+000 
       1787     5.81534800e-002     1.51559553e-002     4.94953153e-002     6.82155294e-004     6.07606353e-003     0.00000000e+000 
       1788     6.07968200e-002     1.58448624e-002     5.17451024e-002     7.13162353e-004     6.35224824e-003     0.00000000e+000 
       1789     6.34401600e-002     1.65337694e-002     5.39948894e-002     7.44169412e-004     6.62843294e-003     0.00000000e+000 
       1790     6.60835000e-002     1.72226765e-002     5.62446765e-002     7.75176471e-004     6.90461765e-003     0.00000000e+000 
       1791     6.87268400e-002     1.79115835e-002     5.84944635e-002     8.06183529e-004     7.18080235e-003     0.00000000e+000 
       1792     7.13701800e-002     1.86004906e-002     6.07442506e-002     8.37190588e-004     7.45698706e-003     0.00000000e+000 
       1793     7.40135200e-002     1.92893976e-002     6.29940376e-002     8.68197647e-004     7.73317176e-003     0.00000000e+000 
       1794     7.66568600e-002     1.99783047e-002     6.52438247e-002     8.99204706e-004     8.00935647e-003     0.00000000e+000 
       1795     7.93002000e-002     2.06672118e-002     6.74936118e-002     9.30211765e-004     8.28554118e-003     0.00000000e+000 
       1796     8.19435400e-002     2.13561188e-002     6.97433988e-002     9.61218824e-004     8.56172588e-003     0.00000000e+000 
       1797     8.45868800e-002     2.20450259e-002     7.19931859e-002     9.92225882e-004     8.83791059e-003     0.00000000e+000 
       1798     8.72302200e-002     2.27339329e-002     7.42429729e-002     1.02323294e-003     9.11409529e-003     0.00000000e+000 
       1799     8.98735600e-002     2.34228400e-002     7.64927600e-002     1.05424000e-003     9.39028000e-003     0.00000000e+000 
       1800     9.25169000e-002     2.41117471e-002     7.87425471e-002     1.08524706e-003     9.66646471e-003     0.00000000e+000 
       1801     9.51602400e-002     2.48006541e-002     8.09923341e-002     1.11625412e-003     9.94264941e-003     0.00000000e+000 
       1802     9.78035800e-002     2.54895612e-002     8.32421212e-002     1.14726118e-003     1.02188341e-002     0.00000000e+000 
       1803     1.00446920e-001     2.61784682e-002     8.54919082e-002     1.17826824e-003     1.04950188e-002     0.00000000e+000 
       1804     1.03090260e-001     2.68673753e-002     8.77416953e-002     1.20927529e-003     1.07712035e-002     0.00000000e+000 
       1805     1.05733600e-001     2.75562824e-002     8.99914824e-002     1.24028235e-003     1.10473882e-002     0.00000000e+000 
       1806     1.08376940e-001     2.82451894e-002     9.22412694e-002     1.27128941e-003     1.13235729e-002     0.00000000e+000 
       1807     1.11020280e-001     2.89340965e-002     9.44910565e-002     1.30229647e-003     1.15997576e-002     0.00000000e+000 
       1808     1.13663620e-001     2.96230035e-002     9.67408435e-002     1.33330353e-003     1.18759424e-002     0.00000000e+000 
       1809     1.16306960e-001     3.03119106e-002     9.89906306e-002     1.36431059e-003     1.21521271e-002     0.00000000e+000 
       1810     1.18950300e-001     3.10008176e-002     1.01240418e-001     1.39531765e-003     1.24283118e-002     0.00000000e+000 
       1811     1.21593640e-001     3.16897247e-002     1.03490205e-001     1.42632471e-003     1.27044965e-002     0.00000000e+000 
       1812     1.24236980e-001     3.23786318e-002     1.05739992e-001     1.45733176e-003     1.29806812e-002     0.00000000e+000 
       1813     1.26880320e-001     3.30675388e-002     1.07989779e-001     1.48833882e-003     1.32568659e-002     0.00000000e+000 
       1814     1.29523660e-001     3.37564459e-002     1.10239566e-001     1.51934588e-003     1.35330506e-002     0.00000000e+000 
       1815     1.32167000e-001     3.44453529e-002     1.12489353e-001     1.55035294e-003     1.38092353e-002     0.00000000e+000 
       1816     1.34810340e-001     3.51342600e-002     1.14739140e-001     1.58136000e-003     1.40854200e-002     0.00000000e+000 
       1817     1.37453680e-001     3.58231671e-002     1.16988927e-001     1.61236706e-003     1.43616047e-002     0.00000000e+000 
       1818     1.40097020e-001     3.65120741e-002     1.19238714e-001     1.64337412e-003     1.46377894e-002     0.00000000e+000 
       1819     1.42740360e-001     3.72009812e-002     1.21488501e-001     1.67438118e-003     1.49139741e-002     0.00000000e+000 
       1820     1.45383700e-001     3.78898882e-002     1.23738288e-001     1.70538824e-003     1.51901588e-002     0.00000000e+000 
       1821     1.48027040e-001     3.85787953e-002     1.25988075e-001     1.73639529e-003     1.54663435e-002     0.00000000e+000 
       1822     1.50670380e-001     3.92677024e-002     1.28237862e-001     1.76740235e-003     1.57425282e-002     0.00000000e+000 
       1823     1.53313720e-001     3.99566094e-002     1.30487649e-001     1.79840941e-003     1.60187129e-002     0.00000000e+000 
       1824     1.55957060e-001     4.06455165e-002     1.32737436e-001     1.82941647e-003     1.62948976e-002     0.00000000e+000 
       1825     1.58600400e-001     4.13344235e-002     1.34987224e-001     1.86042353e-003     1.65710824e-002     0.00000000e+000 
       1826     1.61243740e-001     4.20233306e-002     1.37237011e-001     1.89143059e-003     1.68472671e-002     0.00000000e+000 
       1827     1.63887080e-001     4.27122376e-002     1.39486798e-001     1.92243765e-003     1.71234518e-002     0.00000000e+000 
       1828     1.66530420e-001     4.34011447e-002     1.41736585e-001     1.95344471e-003     1.73996365e-002     0.00000000e+000 
       1829     1.69173760e-001     4.40900518e-002     1.43986372e-001     1.98445176e-003     1.76758212e-002     0.00000000e+000 
       1830     1.71817100e-001     4.47789588e-002     1.46236159e-001     2.01545882e-003     1.79520059e-002     0.00000000e+000 
       1831     1.74460440e-001     4.54678659e-002     1.48485946e-001     2.04646588e-003     1.82281906e-002     0.00000000e+000 
       1832     1.77103780e-001     4.61567729e-002     1.50735733e-001     2.07747294e-003     1.85043753e-002     0.00000000e+000 
       1833     1.79747120e-001     4.68456800e-002     1.52985520e-001     2.10848000e-003     1.87805600e-002     0.00000000e+000 
       1834     1.82390460e-001     4.75345871e-002     1.55235307e-001     2.13948706e-003     1.90567447e-002     0.00000000e+000 
       1835     1.85033800e-001     4.82234941e-002     1.57485094e-001     2.17049412e-003     1.93329294e-002     0.00000000e+000 
       1836     1.87677140e-001     4.89124012e-002     1.59734881e-001     2.20150118e-003     1.96091141e-002     0.00000000e+000 
       1837     1.90320480e-001     4.96013082e-002     1.61984668e-001     2.23250824e-003     1.98852988e-002     0.00000000e+000 
       1838     1.92963820e-001     5.02902153e-002     1.64234455e-001     2.26351529e-003     2.01614835e-002     0.00000000e+000 
       1839     1.95607160e-001     5.09791224e-002     1.66484242e-001     2.29452235e-003     2.04376682e-002     0.00000000e+000 
       1840     1.98250500e-001     5.16680294e-002     1.68734029e-001     2.32552941e-003     2.07138529e-002     0.00000000e+000 
       1841     2.00893840e-001     5.23569365e-002     1.70983816e-001     2.35653647e-003     2.09900376e-002     0.00000000e+000 
       1842     2.03537180e-001     5.30458435e-002     1.73233604e-001     2.38754353e-003     2.12662224e-002     0.00000000e+000 
       1843     2.06180520e-001     5.37347506e-002     1.75483391e-001     2.41855059e-003     2.15424071e-002     0.00000000e+000 
       1844     2.08823860e-001     5.44236576e-002     1.77733178e-001     2.44955765e-003     2.18185918e-002     0.00000000e+000 
       1845     2.11467200e-001     5.51125647e-002     1.79982965e-001     2.48056471e-003     2.20947765e-002     0.00000000e+000 
       1846     2.14110540e-001     5.58014718e-002     1.82232752e-001     2.51157176e-003     2.23709612e-002     0.00000000e+000 
       1847     2.16753880e-001     5.64903788e-002     1.84482539e-001     2.54257882e-003     2.26471459e-002     0.00000000e+000 
       1848     2.19397220e-001     5.71792859e-002     1.86732326e-001     2.57358588e-003     2.29233306e-002     0.00000000e+000 
       1849     2.22040560e-001     5.78681929e-002     1.88982113e-001     2.60459294e-003     2.31995153e-002     0.00000000e+000 
       1850     2.24683900e-001     5.85571000e-002     1.91231900e-001     2.63560000e-003     2.34757000e-002     0.00000000e+000 
       1851     2.26103800e-001     5.85525000e-002     1.82028500e-001     2.86470000e-003     2.31520000e-002     0.00000000e+000 
       1852     2.90997900e-001     5.88781000e-002     1.72807100e-001     2.98040000e-003     2.28618000e-002     0.00000000e+000 
       1853     2.98787700e-001     5.92207000e-002     1.63241300e-001     2.93220000e-003     2.26017000e-002     0.00000000e+000 
       1854     3.06404900e-001     5.95802000e-002     1.53405600e-001     2.99780000e-003     2.23687000e-002     0.00000000e+000 
       1855     3.13732500e-001     5.99564000e-002     1.43364700e-001     2.84330000e-003     2.21600000e-002     0.00000000e+000 
       1856     3.20641900e-001     6.03411000e-002     1.41824400e-001     2.87810000e-003     2.19733000e-002     0.00000000e+000 
       1857     3.27309900e-001     6.07234000e-002     1.40628600e-001     2.84580000e-003     2.18063000e-002     0.00000000e+000 
       1858     3.33601900e-001     6.11030000e-002     1.39683400e-001     2.59350000e-003     2.16570000e-002     0.00000000e+000 
       1859     3.39690700e-001     6.14799000e-002     1.38931600e-001     2.37130000e-003     2.15238000e-002     0.00000000e+000 
       1860     3.45577000e-001     6.18537000e-002     1.38330900e-001     2.14910000e-003     2.10521000e-002     0.00000000e+000 
       1861     3.50581100e-001     6.22242000e-002     1.37934300e-001     6.95510000e-003     2.18892000e-002     0.00000000e+000 
       1862     2.99321900e-001     5.36909000e-002     1.37771500e-001     8.01510000e-003     2.21333000e-002     0.00000000e+000 
       1863     2.99099200e-001     5.37482000e-002     1.36818400e-001     9.15160000e-003     2.22482000e-002     0.00000000e+000 
       1864     2.98870900e-001     5.38026000e-002     1.36585600e-001     1.00061000e-002     2.23048000e-002     0.00000000e+000 
       1865     2.98771400e-001     5.38618000e-002     1.36422500e-001     1.09760000e-002     2.23425000e-002     0.00000000e+000 
       1866     2.98977300e-001     5.37361000e-002     1.36309100e-001     1.15386000e-002     2.19117000e-002     0.00000000e+000 
       1867     2.97366500e-001     5.36184000e-002     1.36238100e-001     1.20732000e-002     2.14929000e-002     0.00000000e+000 
       1868     2.96032200e-001     5.35102000e-002     1.36195900e-001     1.23996000e-002     2.10899000e-002     0.00000000e+000 
       1869     2.94778400e-001     5.34121000e-002     1.36179000e-001     1.24680000e-002     2.07033000e-002     0.00000000e+000 
       1870     2.93592400e-001     5.33205000e-002     1.36179600e-001     1.25207000e-002     2.06845000e-002     0.00000000e+000 
       1871     2.85999300e-001     5.32349000e-002     1.64258600e-001     1.25646000e-002     2.06180000e-002     0.00000000e+000 
       1872     3.65283900e-001     5.34881000e-002     1.71325300e-001     1.25967000e-002     2.04667000e-002     0.00000000e+000 
       1873     3.70277200e-001     5.37454000e-002     1.76648600e-001     1.30585000e-002     2.03876000e-002     0.00000000e+000 
       1874     3.75123200e-001     5.40056000e-002     1.77997600e-001     1.36500000e-002     2.03382000e-002     0.00000000e+000 
       1875     3.79689700e-001     5.42676000e-002     1.80147800e-001     1.40483000e-002     2.02950000e-002     0.00000000e+000 
       1876     3.84254300e-001     5.49449000e-002     1.81474300e-001     1.44003000e-002     2.04093000e-002     0.00000000e+000 
       1877     3.89303200e-001     5.50360000e-002     1.82572300e-001     1.45951000e-002     2.08655000e-002     0.00000000e+000 
       1878     3.94408200e-001     5.51253000e-002     1.83849700e-001     1.47882000e-002     2.13048000e-002     0.00000000e+000 
       1879     3.99340000e-001     5.52119000e-002     1.85197600e-001     1.49615000e-002     2.17243000e-002     0.00000000e+000 
       1880     4.04114400e-001     5.53017000e-002     1.86479800e-001     1.49135000e-002     2.21232000e-002     0.00000000e+000 
       1881     4.07632100e-001     5.54023000e-002     1.86931400e-001     1.48834000e-002     5.40996000e-002     0.00000000e+000 
       1882     3.52029700e-001     5.55127000e-002     1.87357600e-001     1.48527000e-002     6.29856000e-002     0.00000000e+000 
       1883     3.49923100e-001     5.56322000e-002     1.87769100e-001     1.47982000e-002     7.01564000e-002     0.00000000e+000 
       1884     3.48153100e-001     5.57600000e-002     1.88168600e-001     1.51836000e-002     7.60985000e-002     0.00000000e+000 
       1885     3.46561900e-001     5.58955000e-002     1.88559300e-001     1.55686000e-002     8.11500000e-002     0.00000000e+000 
       1886     3.45395300e-001     5.60314000e-002     1.88934200e-001     1.59507000e-002     8.40937000e-002     0.00000000e+000 
       1887     3.41947000e-001     5.61671000e-002     1.89297100e-001     1.61603000e-002     8.61971000e-002     0.00000000e+000 
       1888     3.38522400e-001     5.63023000e-002     1.89649300e-001     1.61472000e-002     8.79335000e-002     0.00000000e+000 
       1889     3.35218800e-001     5.64362000e-002     1.90038900e-001     1.60898000e-002     8.93882000e-002     0.00000000e+000 
       1890     3.32002500e-001     5.65684000e-002     1.90419500e-001     1.62485000e-002     9.06234000e-002     0.00000000e+000 
       1891     3.28107800e-001     5.66985000e-002     2.07132800e-001     1.61175000e-002     7.34217000e-002     0.00000000e+000 
       1892     3.40777900e-001     5.68279000e-002     2.11420800e-001     1.59841000e-002     6.99525000e-002     0.00000000e+000 
       1893     3.41302500e-001     5.69560000e-002     2.14588200e-001     1.56974000e-002     6.72976000e-002     0.00000000e+000 
       1894     3.42963800e-001     5.70827000e-002     2.32523600e-001     1.54753000e-002     6.52477000e-002     0.00000000e+000 
       1895     3.44656700e-001     5.72074000e-002     2.36250600e-001     1.57562000e-002     6.36494000e-002     0.00000000e+000 
       1896     3.44421100e-001     5.73301000e-002     2.39262800e-001     1.58458000e-002     6.25711000e-002     0.00000000e+000 
       1897     3.45436700e-001     5.74502000e-002     2.42052300e-001     1.62736000e-002     6.17471000e-002     0.00000000e+000 
       1898     3.44521300e-001     5.75677000e-002     2.44610800e-001     1.66993000e-002     6.11155000e-002     0.00000000e+000 
       1899     3.43608200e-001     5.76822000e-002     2.47003300e-001     1.68933000e-002     6.06300000e-002     0.00000000e+000 
       1900     3.42707600e-001     5.77935000e-002     2.49261600e-001     1.68792000e-002     6.02563000e-002     0.00000000e+000 
       1901     3.42483700e-001     5.79014000e-002     2.51305400e-001     1.92698000e-002     1.21800600e-001     0.00000000e+000 
       1902     3.10108000e-001     5.80485000e-002     2.68896800e-001     2.03176000e-002     1.39417800e-001     0.00000000e+000 
       1903     3.04603200e-001     5.81916000e-002     2.87350300e-001     2.20234000e-002     1.53761600e-001     0.00000000e+000 
       1904     2.97988700e-001     5.83304000e-002     3.06372200e-001     2.39503000e-002     1.65779000e-001     0.00000000e+000 
       1905     2.91776500e-001     5.84652000e-002     3.25835300e-001     2.63474000e-002     1.76118200e-001     0.00000000e+000 
       1906     2.87403400e-001     5.85916000e-002     3.53531700e-001     2.91626000e-002     1.80840700e-001     0.00000000e+000 
       1907     2.82820200e-001     5.85861000e-002     3.60422700e-001     3.20745000e-002     1.84683400e-001     0.00000000e+000 
       1908     2.80387200e-001     5.85758000e-002     3.66129600e-001     3.49789000e-002     1.87865200e-001     0.00000000e+000 
       1909     2.77979100e-001     5.85605000e-002     3.70489000e-001     3.77386000e-002     1.90541600e-001     0.00000000e+000 
       1910     2.75448200e-001     5.85441000e-002     3.74239800e-001     4.02206000e-002     1.92587500e-001     0.00000000e+000 
       1911     2.73837200e-001     5.85263000e-002     3.77361900e-001     4.27067000e-002     1.30463800e-001     0.00000000e+000 
       1912     2.51146900e-001     5.85080000e-002     3.78592100e-001     4.52771000e-002     1.12630000e-001     0.00000000e+000 
       1913     2.47851300e-001     6.36836000e-002     3.58695600e-001     4.76621000e-002     9.79640000e-002     0.00000000e+000 
       1914     2.45697500e-001     6.52347000e-002     3.58379700e-001     4.99633000e-002     8.55031000e-002     0.00000000e+000 
       1915     2.43624100e-001     6.65887000e-002     3.55964300e-001     5.22348000e-002     7.45948000e-002     0.00000000e+000 
       1916     2.41305600e-001     6.78932000e-002     3.60979800e-001     5.44477000e-002     7.04942000e-002     0.00000000e+000 
       1917     2.38858400e-001     6.92063000e-002     3.65856500e-001     5.70784000e-002     6.71942000e-002     0.00000000e+000 
       1918     2.36008900e-001     7.04852000e-002     3.70983200e-001     5.94327000e-002     6.44819000e-002     0.00000000e+000 
       1919     2.35297800e-001     7.17574000e-002     3.76075100e-001     6.17608000e-002     6.22083000e-002     0.00000000e+000 
       1920     2.30414300e-001     7.30559000e-002     3.81157500e-001     6.41348000e-002     6.00345000e-002     0.00000000e+000 
       1921     2.25254600e-001     7.43848000e-002     3.86246000e-001     6.61016000e-002     1.04756800e-001     0.00000000e+000 
       1922     1.99243700e-001     7.57471000e-002     3.88838700e-001     6.79592000e-002     1.17279200e-001     0.00000000e+000 
       1923     1.91141100e-001     7.70566000e-002     3.91612700e-001     6.97758000e-002     1.27419100e-001     0.00000000e+000 
       1924     1.82834600e-001     7.84035000e-002     3.94246600e-001     7.12596000e-002     1.35928500e-001     0.00000000e+000 
       1925     1.73008200e-001     7.97828000e-002     3.96782200e-001     7.26948000e-002     1.43308900e-001     0.00000000e+000 
       1926     1.66512100e-001     8.11955000e-002     3.94710800e-001     8.26868000e-002     1.45381500e-001     0.00000000e+000 
       1927     1.99423400e-001     8.25309000e-002     3.94881900e-001     8.59325000e-002     1.46975100e-001     0.00000000e+000 
       1928     1.96947000e-001     8.30990000e-002     3.95375400e-001     8.94242000e-002     1.48146000e-001     0.00000000e+000 
       1929     2.18686600e-001     8.36993000e-002     3.97011200e-001     9.16105000e-002     1.48991700e-001     0.00000000e+000 
       1930     2.91061700e-001     8.43022000e-002     3.99150800e-001     9.35067000e-002     1.50050200e-001     0.00000000e+000 
       1931     2.84627700e-001     8.49077000e-002     4.01426100e-001     9.58618000e-002     1.61848500e-001     0.00000000e+000 
       1932     1.79521300e-001     8.55199000e-002     4.02603900e-001     9.80824000e-002     1.65049900e-001     0.00000000e+000 
       1933     1.69502100e-001     8.61474000e-002     4.03760300e-001     1.00611700e-001     1.67544600e-001     0.00000000e+000 
       1934     1.59675500e-001     8.45532000e-002     3.98650400e-001     1.02957400e-001     1.69507500e-001     0.00000000e+000 
       1935     1.54681500e-001     8.28035000e-002     3.98858500e-001     1.06282200e-001     1.71065100e-001     0.00000000e+000 
       1936     1.43620200e-001     8.08993000e-002     4.16271800e-001     1.08392400e-001     1.72778000e-001     0.00000000e+000 
       1937     1.14414200e-001     7.88420000e-002     4.20721100e-001     1.10725300e-001     1.74631700e-001     0.00000000e+000 
       1938     1.12282000e-001     7.66881000e-002     4.24120700e-001     1.13022100e-001     1.76296700e-001     0.00000000e+000 
       1939     1.05717300e-001     7.45129000e-002     4.26737600e-001     1.15679700e-001     1.77811000e-001     0.00000000e+000 
       1940     8.99923000e-002     7.11462000e-002     4.28874100e-001     1.18260400e-001     1.79203200e-001     0.00000000e+000 
       1941     8.57787000e-002     5.44211000e-002     4.31629400e-001     1.20566900e-001     1.77805700e-001     0.00000000e+000 
       1942     9.68869000e-002     4.75128000e-002     4.46514200e-001     1.23095600e-001     1.77266100e-001     0.00000000e+000 
       1943     8.10799000e-002     4.08358000e-002     4.61948700e-001     1.25688400e-001     1.76866700e-001     0.00000000e+000 
       1944     7.53817000e-002     3.43535000e-002     4.77735500e-001     1.28241500e-001     1.76629200e-001     0.00000000e+000 
       1945     6.50787000e-002     2.80367000e-002     4.93778900e-001     1.30770300e-001     1.76390000e-001     0.00000000e+000 
       1946     5.86560000e-002     2.40287000e-002     5.81250000e-001     1.33550100e-001     1.79402200e-001     0.00000000e+000 
       1947     6.77981000e-002     2.04267000e-002     6.02042100e-001     1.36097200e-001     1.82497700e-001     0.00000000e+000 
       1948     5.50349000e-002     1.71788000e-002     6.17719300e-001     1.40107800e-001     1.85789200e-001     0.00000000e+000 
       1949     4.80541000e-002     1.43053000e-002     6.29178800e-001     1.44124500e-001     1.89236900e-001     0.00000000e+000 
       1950     4.56373000e-002     1.30821000e-002     6.37498500e-001     1.48339500e-001     1.92777500e-001     0.00000000e+000 
       1951     5.89263000e-002     1.26913200e-001     6.77129500e-001     1.43653500e-001     2.51684000e-001     0.00000000e+000 
       1952     1.33552000e-002     1.49641800e-001     7.12737500e-001     1.38520400e-001     2.70408300e-001     0.00000000e+000 
       1953    -1.19774000e-002     1.71484300e-001     6.95854600e-001     1.39771500e-001     2.85795700e-001     0.00000000e+000 
       1954    -1.10323000e-002     1.92666400e-001     7.14079600e-001     1.40563500e-001     2.98684400e-001     0.00000000e+000 
       1955    -2.10630000e-002     2.13746800e-001     7.35303300e-001     1.41683600e-001     3.09823100e-001     0.00000000e+000 
       1956    -1.36222000e-002     2.36147300e-001     7.55622500e-001     1.44291100e-001     3.16473700e-001     0.00000000e+000 
       1957    -1.66996000e-002     2.58247400e-001     7.58506100e-001     1.47011000e-001     3.22002700e-001     0.00000000e+000 
       1958     1.78693000e-002     2.79952100e-001     7.47157300e-001     1.49163400e-001     3.26667200e-001     0.00000000e+000 
       1959    -2.12452000e-002     2.08341300e-001     7.28544400e-001     1.51435400e-001     3.30712500e-001     0.00000000e+000 
       1960    -2.45935000e-002     2.10886000e-001     7.11552000e-001     1.53668200e-001     3.34290800e-001     0.00000000e+000 
       1961    -4.12321000e-002     2.05220900e-001     6.94960500e-001     1.55353700e-001     4.49584600e-001     0.00000000e+000 
       1962    -3.92099000e-002     2.01868400e-001     6.57223500e-001     1.55709100e-001     4.84361400e-001     0.00000000e+000 
       1963    -4.54290000e-002     1.98817600e-001     6.49121100e-001     1.60416700e-001     5.12013100e-001     0.00000000e+000 
       1964    -4.87028000e-002     1.96179200e-001     6.43491400e-001     1.61759300e-001     5.34396100e-001     0.00000000e+000 
       1965    -5.32635000e-002     1.92917500e-001     6.47672800e-001     1.63951700e-001     5.53673600e-001     0.00000000e+000 
       1966    -2.12444000e-002     1.81165100e-001     6.51505700e-001     1.64114100e-001     5.63730500e-001     0.00000000e+000 
       1967    -1.72262000e-002     1.69524400e-001     6.55722000e-001     1.65382300e-001     5.72391100e-001     0.00000000e+000 
       1968    -1.63199000e-002     1.57924600e-001     5.94370900e-001     1.61389400e-001     5.80345500e-001     0.00000000e+000 
       1969    -5.17530000e-003     1.47835000e-001     5.85161200e-001     1.68252300e-001     5.87037800e-001     0.00000000e+000 
       1970    -8.30800000e-003     1.14463000e-001     5.79242300e-001     1.61276300e-001     5.93062300e-001     0.00000000e+000 
       1971    -4.70351000e-002     1.00097000e-001     5.37249800e-001     1.64618300e-001     5.36799200e-001     0.00000000e+000 
       1972    -4.21786000e-002     8.53721000e-002     5.27634100e-001     1.68405400e-001     5.24946800e-001     0.00000000e+000 
       1973    -5.67912000e-002     7.12519000e-002     5.46216900e-001     1.72413800e-001     5.15598500e-001     0.00000000e+000 
       1974    -5.87050000e-002     6.48500000e-002     5.63746300e-001     1.76321900e-001     5.08335800e-001     0.00000000e+000 
       1975    -5.09784000e-002     5.87805000e-002     5.68485700e-001     1.66199400e-001     5.02609200e-001     0.00000000e+000 
       1976    -3.70236000e-002     5.59196000e-002     6.09223200e-001     1.80747900e-001     5.03020200e-001     0.00000000e+000 
       1977    -3.53226000e-002     5.03584000e-002     6.31719200e-001     1.64148200e-001     5.04178400e-001     0.00000000e+000 
       1978    -3.25543000e-002     4.48217000e-002     6.23513600e-001     1.70834700e-001     5.05311200e-001     0.00000000e+000 
       1979    -3.30353000e-002     3.94952000e-002     5.98968300e-001     1.72156400e-001     5.06232900e-001     0.00000000e+000 
       1980    -3.71358000e-002     3.54417000e-002     5.67317600e-001     1.66467600e-001     5.07807600e-001     0.00000000e+000 
       1981    -3.45349000e-002     3.34094000e-002     5.70839800e-001     1.83713100e-001     5.09993500e-001     0.00000000e+000 
       1982    -2.66533000e-002     3.07262000e-002     5.31090000e-001     1.98429600e-001     7.29402600e-001     0.00000000e+000 
       1983    -2.90698000e-002     2.88236000e-002     5.13772500e-001     2.11789700e-001     7.87543500e-001     0.00000000e+000 
       1984    -3.41386000e-002     2.71610000e-002     5.09933400e-001     2.23503200e-001     8.33644900e-001     0.00000000e+000 
       1985    -3.23043000e-002     2.57685000e-002     4.99912700e-001     2.16865600e-001     8.72956800e-001     0.00000000e+000 
       1986    -2.81346000e-002     2.33571000e-002     4.89633700e-001     2.13778400e-001     9.02473300e-001     0.00000000e+000 
       1987    -2.55688000e-002     2.25708000e-002     4.82772800e-001     2.14323700e-001     9.17001600e-001     0.00000000e+000 
       1988    -1.65001000e-002     2.18490000e-002     4.82207900e-001     2.24482700e-001     9.26434800e-001     0.00000000e+000 
       1989    -1.69403000e-002     2.11859000e-002     4.90475200e-001     2.19616800e-001     9.32630400e-001     0.00000000e+000 
       1990    -2.72623000e-002     2.01075000e-002     4.89480000e-001     2.24600400e-001     9.36801600e-001     0.00000000e+000 
       1991    -2.77390000e-002     2.01075000e-002     5.62763600e-001     2.18773100e-001     9.38556900e-001     0.00000000e+000 
       1992    -2.84527000e-002     2.01075000e-002     5.72167600e-001     2.37499400e-001     8.03696700e-001     0.00000000e+000 
       1993    -2.91702000e-002     2.01075000e-002     5.87169200e-001     2.48138600e-001     7.67505100e-001     0.00000000e+000 
       1994    -2.98911000e-002     2.01075000e-002     5.86159100e-001     2.66915300e-001     7.37251500e-001     0.00000000e+000 
       1995    -3.06153000e-002     2.01075000e-002     5.72679700e-001     2.86049500e-001     7.13374300e-001     0.00000000e+000 
       1996    -3.13423000e-002     2.01075000e-002     5.66233400e-001     2.84190600e-001     6.92078200e-001     0.00000000e+000 
       1997    -3.16071000e-002     2.01075000e-002     5.53513400e-001     2.70743100e-001     6.78545800e-001     0.00000000e+000 
       1998    -3.18744000e-002     2.01075000e-002     5.39222600e-001     2.92629200e-001     6.67097700e-001     0.00000000e+000 
       1999    -3.21439000e-002     2.01075000e-002     5.17643600e-001     2.87178900e-001     6.56441100e-001     0.00000000e+000 
       2000    -3.24171000e-002     2.01075000e-002     4.88514700e-001     2.84108400e-001     6.49566000e-001     0.00000000e+000 
       2001    -3.24171000e-002     2.01075000e-002     4.69533700e-001     2.84941700e-001     6.43190400e-001     0.00000000e+000 
       2002    -3.24171000e-002     2.01075000e-002     6.22696800e-001     2.81768400e-001     6.25509900e-001     0.00000000e+000 
       2003    -3.24171000e-002     2.01075000e-002     6.60298300e-001     2.48766000e-001     6.16453600e-001     0.00000000e+000 
       2004    -3.24171000e-002     2.01075000e-002     6.88844000e-001     2.49031200e-001     6.09352500e-001     0.00000000e+000 
       2005    -3.24171000e-002     2.01075000e-002     6.10694500e-001     2.62483800e-001     6.06434200e-001     0.00000000e+000 
