RCPTOOL - MAGICC 6.X DATA FILE 
VERSION:   ALPHA - FIRST DRAFT - PRIMAP xls file written on 02 Sep 2009, 17:04:37 
 
 
DATA:  Historical landuse N2O (N2OB) Emissions (HISTRCP_N2OB_EMIS) 
SOURCE:  RCP data as presented on http://www.iiasa.ac.at/web-apps/tnt/RcpDb, August 2009 
CONTACT:  Base year emissions inventories: Steve Smith (ssmith@pnl.gov) and Jean-Francois Lamarque (Jean-Francois.Lamarque@noaa.gov); RCP 3-PD (IMAGE): Detlef van Vuuren (detlef.vanvuuren@pbl.nl); RCP 4.5 (MiniCAM): Allison Thomson (Allison.Thomson@pnl.gov); RCP 6.0 (AIM): Toshihiko Masui (masui@nies.go.jp); RCP 8.5 (MESSAGE): Keywan Riahi (riahi@iiasa.ac.at); Concentrations & Forcing compilation: Malte Meinshausen (malte.meinshausen@pik-potsdam.de) 
 
 
 
 

&THISFILE_SPECIFICATIONS 
 THISFILE_DATACOLUMNS    =    6  ,
 THISFILE_FIRSTYEAR      = 1765  ,
 THISFILE_LASTYEAR       = 2005  ,
 THISFILE_ANNUALSTEPS    =    1  ,
 THISFILE_FIRSTDATAROW   =   24  ,
 THISFILE_UNITS          = MtN2O-N  ,
 THISFILE_DATTYPE        = REGIONDATA  ,
/  

    COLCODE              R5OECD               R5REF              R5ASIA               R5MAF               R5LAM             BUNKERS
       1765     0.00000000e+000     0.00000000e+000     0.00000000e+000     0.00000000e+000     0.00000000e+000     0.00000000e+000 
       1766     1.11422747e-003     6.19766988e-004     1.09258391e-003     6.18292256e-004     3.14757870e-004     0.00000000e+000 
       1767     2.22845494e-003     1.23953398e-003     2.18516783e-003     1.23658451e-003     6.29515740e-004     0.00000000e+000 
       1768     3.34268241e-003     1.85930096e-003     3.27775174e-003     1.85487677e-003     9.44273610e-004     0.00000000e+000 
       1769     4.45690988e-003     2.47906795e-003     4.37033565e-003     2.47316903e-003     1.25903148e-003     0.00000000e+000 
       1770     5.57113735e-003     3.09883494e-003     5.46291956e-003     3.09146128e-003     1.57378935e-003     0.00000000e+000 
       1771     6.68536483e-003     3.71860193e-003     6.55550348e-003     3.70975354e-003     1.88854722e-003     0.00000000e+000 
       1772     7.79959230e-003     4.33836891e-003     7.64808739e-003     4.32804580e-003     2.20330509e-003     0.00000000e+000 
       1773     8.91381977e-003     4.95813590e-003     8.74067130e-003     4.94633805e-003     2.51806296e-003     0.00000000e+000 
       1774     1.00280472e-002     5.57790289e-003     9.83325521e-003     5.56463031e-003     2.83282083e-003     0.00000000e+000 
       1775     1.11422747e-002     6.19766988e-003     1.09258391e-002     6.18292256e-003     3.14757870e-003     0.00000000e+000 
       1776     1.22565022e-002     6.81743686e-003     1.20184230e-002     6.80121482e-003     3.46233657e-003     0.00000000e+000 
       1777     1.33707297e-002     7.43720385e-003     1.31110070e-002     7.41950708e-003     3.77709444e-003     0.00000000e+000 
       1778     1.44849571e-002     8.05697084e-003     1.42035909e-002     8.03779933e-003     4.09185231e-003     0.00000000e+000 
       1779     1.55991846e-002     8.67673783e-003     1.52961748e-002     8.65609159e-003     4.40661018e-003     0.00000000e+000 
       1780     1.67134121e-002     9.29650481e-003     1.63887587e-002     9.27438385e-003     4.72136805e-003     0.00000000e+000 
       1781     1.78276395e-002     9.91627180e-003     1.74813426e-002     9.89267610e-003     5.03612592e-003     0.00000000e+000 
       1782     1.89418670e-002     1.05360388e-002     1.85739265e-002     1.05109684e-002     5.35088379e-003     0.00000000e+000 
       1783     2.00560945e-002     1.11558058e-002     1.96665104e-002     1.11292606e-002     5.66564166e-003     0.00000000e+000 
       1784     2.11703219e-002     1.17755728e-002     2.07590943e-002     1.17475529e-002     5.98039953e-003     0.00000000e+000 
       1785     2.22845494e-002     1.23953398e-002     2.18516783e-002     1.23658451e-002     6.29515740e-003     0.00000000e+000 
       1786     2.33987769e-002     1.30151067e-002     2.29442622e-002     1.29841374e-002     6.60991527e-003     0.00000000e+000 
       1787     2.45130044e-002     1.36348737e-002     2.40368461e-002     1.36024296e-002     6.92467314e-003     0.00000000e+000 
       1788     2.56272318e-002     1.42546407e-002     2.51294300e-002     1.42207219e-002     7.23943101e-003     0.00000000e+000 
       1789     2.67414593e-002     1.48744077e-002     2.62220139e-002     1.48390142e-002     7.55418888e-003     0.00000000e+000 
       1790     2.78556868e-002     1.54941747e-002     2.73145978e-002     1.54573064e-002     7.86894675e-003     0.00000000e+000 
       1791     2.89699142e-002     1.61139417e-002     2.84071817e-002     1.60755987e-002     8.18370462e-003     0.00000000e+000 
       1792     3.00841417e-002     1.67337087e-002     2.94997656e-002     1.66938909e-002     8.49846249e-003     0.00000000e+000 
       1793     3.11983692e-002     1.73534757e-002     3.05923496e-002     1.73121832e-002     8.81322036e-003     0.00000000e+000 
       1794     3.23125967e-002     1.79732426e-002     3.16849335e-002     1.79304754e-002     9.12797823e-003     0.00000000e+000 
       1795     3.34268241e-002     1.85930096e-002     3.27775174e-002     1.85487677e-002     9.44273610e-003     0.00000000e+000 
       1796     3.45410516e-002     1.92127766e-002     3.38701013e-002     1.91670600e-002     9.75749397e-003     0.00000000e+000 
       1797     3.56552791e-002     1.98325436e-002     3.49626852e-002     1.97853522e-002     1.00722518e-002     0.00000000e+000 
       1798     3.67695065e-002     2.04523106e-002     3.60552691e-002     2.04036445e-002     1.03870097e-002     0.00000000e+000 
       1799     3.78837340e-002     2.10720776e-002     3.71478530e-002     2.10219367e-002     1.07017676e-002     0.00000000e+000 
       1800     3.89979615e-002     2.16918446e-002     3.82404369e-002     2.16402290e-002     1.10165255e-002     0.00000000e+000 
       1801     4.01121890e-002     2.23116116e-002     3.93330209e-002     2.22585212e-002     1.13312833e-002     0.00000000e+000 
       1802     4.12264164e-002     2.29313785e-002     4.04256048e-002     2.28768135e-002     1.16460412e-002     0.00000000e+000 
       1803     4.23406439e-002     2.35511455e-002     4.15181887e-002     2.34951057e-002     1.19607991e-002     0.00000000e+000 
       1804     4.34548714e-002     2.41709125e-002     4.26107726e-002     2.41133980e-002     1.22755569e-002     0.00000000e+000 
       1805     4.45690988e-002     2.47906795e-002     4.37033565e-002     2.47316903e-002     1.25903148e-002     0.00000000e+000 
       1806     4.56833263e-002     2.54104465e-002     4.47959404e-002     2.53499825e-002     1.29050727e-002     0.00000000e+000 
       1807     4.67975538e-002     2.60302135e-002     4.58885243e-002     2.59682748e-002     1.32198305e-002     0.00000000e+000 
       1808     4.79117812e-002     2.66499805e-002     4.69811082e-002     2.65865670e-002     1.35345884e-002     0.00000000e+000 
       1809     4.90260087e-002     2.72697475e-002     4.80736922e-002     2.72048593e-002     1.38493463e-002     0.00000000e+000 
       1810     5.01402362e-002     2.78895144e-002     4.91662761e-002     2.78231515e-002     1.41641042e-002     0.00000000e+000 
       1811     5.12544637e-002     2.85092814e-002     5.02588600e-002     2.84414438e-002     1.44788620e-002     0.00000000e+000 
       1812     5.23686911e-002     2.91290484e-002     5.13514439e-002     2.90597361e-002     1.47936199e-002     0.00000000e+000 
       1813     5.34829186e-002     2.97488154e-002     5.24440278e-002     2.96780283e-002     1.51083778e-002     0.00000000e+000 
       1814     5.45971461e-002     3.03685824e-002     5.35366117e-002     3.02963206e-002     1.54231356e-002     0.00000000e+000 
       1815     5.57113735e-002     3.09883494e-002     5.46291956e-002     3.09146128e-002     1.57378935e-002     0.00000000e+000 
       1816     5.68256010e-002     3.16081164e-002     5.57217795e-002     3.15329051e-002     1.60526514e-002     0.00000000e+000 
       1817     5.79398285e-002     3.22278834e-002     5.68143635e-002     3.21511973e-002     1.63674092e-002     0.00000000e+000 
       1818     5.90540560e-002     3.28476503e-002     5.79069474e-002     3.27694896e-002     1.66821671e-002     0.00000000e+000 
       1819     6.01682834e-002     3.34674173e-002     5.89995313e-002     3.33877818e-002     1.69969250e-002     0.00000000e+000 
       1820     6.12825109e-002     3.40871843e-002     6.00921152e-002     3.40060741e-002     1.73116829e-002     0.00000000e+000 
       1821     6.23967384e-002     3.47069513e-002     6.11846991e-002     3.46243664e-002     1.76264407e-002     0.00000000e+000 
       1822     6.35109658e-002     3.53267183e-002     6.22772830e-002     3.52426586e-002     1.79411986e-002     0.00000000e+000 
       1823     6.46251933e-002     3.59464853e-002     6.33698669e-002     3.58609509e-002     1.82559565e-002     0.00000000e+000 
       1824     6.57394208e-002     3.65662523e-002     6.44624509e-002     3.64792431e-002     1.85707143e-002     0.00000000e+000 
       1825     6.68536483e-002     3.71860193e-002     6.55550348e-002     3.70975354e-002     1.88854722e-002     0.00000000e+000 
       1826     6.79678757e-002     3.78057862e-002     6.66476187e-002     3.77158276e-002     1.92002301e-002     0.00000000e+000 
       1827     6.90821032e-002     3.84255532e-002     6.77402026e-002     3.83341199e-002     1.95149879e-002     0.00000000e+000 
       1828     7.01963307e-002     3.90453202e-002     6.88327865e-002     3.89524122e-002     1.98297458e-002     0.00000000e+000 
       1829     7.13105581e-002     3.96650872e-002     6.99253704e-002     3.95707044e-002     2.01445037e-002     0.00000000e+000 
       1830     7.24247856e-002     4.02848542e-002     7.10179543e-002     4.01889967e-002     2.04592616e-002     0.00000000e+000 
       1831     7.35390131e-002     4.09046212e-002     7.21105382e-002     4.08072889e-002     2.07740194e-002     0.00000000e+000 
       1832     7.46532405e-002     4.15243882e-002     7.32031222e-002     4.14255812e-002     2.10887773e-002     0.00000000e+000 
       1833     7.57674680e-002     4.21441552e-002     7.42957061e-002     4.20438734e-002     2.14035352e-002     0.00000000e+000 
       1834     7.68816955e-002     4.27639221e-002     7.53882900e-002     4.26621657e-002     2.17182930e-002     0.00000000e+000 
       1835     7.79959230e-002     4.33836891e-002     7.64808739e-002     4.32804580e-002     2.20330509e-002     0.00000000e+000 
       1836     7.91101504e-002     4.40034561e-002     7.75734578e-002     4.38987502e-002     2.23478088e-002     0.00000000e+000 
       1837     8.02243779e-002     4.46232231e-002     7.86660417e-002     4.45170425e-002     2.26625666e-002     0.00000000e+000 
       1838     8.13386054e-002     4.52429901e-002     7.97586256e-002     4.51353347e-002     2.29773245e-002     0.00000000e+000 
       1839     8.24528328e-002     4.58627571e-002     8.08512095e-002     4.57536270e-002     2.32920824e-002     0.00000000e+000 
       1840     8.35670603e-002     4.64825241e-002     8.19437935e-002     4.63719192e-002     2.36068403e-002     0.00000000e+000 
       1841     8.46812878e-002     4.71022911e-002     8.30363774e-002     4.69902115e-002     2.39215981e-002     0.00000000e+000 
       1842     8.57955153e-002     4.77220580e-002     8.41289613e-002     4.76085037e-002     2.42363560e-002     0.00000000e+000 
       1843     8.69097427e-002     4.83418250e-002     8.52215452e-002     4.82267960e-002     2.45511139e-002     0.00000000e+000 
       1844     8.80239702e-002     4.89615920e-002     8.63141291e-002     4.88450883e-002     2.48658717e-002     0.00000000e+000 
       1845     8.91381977e-002     4.95813590e-002     8.74067130e-002     4.94633805e-002     2.51806296e-002     0.00000000e+000 
       1846     9.02524251e-002     5.02011260e-002     8.84992969e-002     5.00816728e-002     2.54953875e-002     0.00000000e+000 
       1847     9.13666526e-002     5.08208930e-002     8.95918808e-002     5.06999650e-002     2.58101453e-002     0.00000000e+000 
       1848     9.24808801e-002     5.14406600e-002     9.06844648e-002     5.13182573e-002     2.61249032e-002     0.00000000e+000 
       1849     9.35951076e-002     5.20604270e-002     9.17770487e-002     5.19365495e-002     2.64396611e-002     0.00000000e+000 
       1850     9.47093350e-002     5.26801939e-002     9.28696326e-002     5.25548418e-002     2.67544190e-002     0.00000000e+000 
       1851     9.30796473e-002     5.17737124e-002     9.12716011e-002     5.83866454e-002     2.97232514e-002     0.00000000e+000 
       1852     1.03653489e-001     5.76552027e-002     1.01640049e-001     5.92785683e-002     3.01773081e-002     0.00000000e+000 
       1853     1.03249893e-001     5.74307102e-002     1.01244292e-001     5.98274439e-002     3.04567275e-002     0.00000000e+000 
       1854     1.02767873e-001     5.71625960e-002     1.00771635e-001     6.03763196e-002     3.07361471e-002     0.00000000e+000 
       1855     1.02199777e-001     5.68466042e-002     1.00214575e-001     6.07193669e-002     3.09107843e-002     0.00000000e+000 
       1856     1.03184858e-001     5.73945361e-002     1.01180521e-001     6.09251952e-002     3.10155666e-002     0.00000000e+000 
       1857     1.04189067e-001     5.79531075e-002     1.02165224e-001     6.10624140e-002     3.10854215e-002     0.00000000e+000 
       1858     1.05176061e-001     5.85021033e-002     1.03133045e-001     6.11310236e-002     3.11203490e-002     0.00000000e+000 
       1859     1.06164968e-001     5.90521630e-002     1.04102743e-001     6.12682425e-002     3.11902038e-002     0.00000000e+000 
       1860     1.07150049e-001     5.96000950e-002     1.05068689e-001     6.13368519e-002     3.12251313e-002     0.00000000e+000 
       1861     1.09185246e-001     6.07321329e-002     1.07064353e-001     6.92955486e-002     3.52767143e-002     0.00000000e+000 
       1862     9.79094141e-002     5.44601746e-002     9.60075510e-002     7.10793943e-002     3.61848277e-002     0.00000000e+000 
       1863     9.78462925e-002     5.44250645e-002     9.59456555e-002     7.27946308e-002     3.70580138e-002     0.00000000e+000 
       1864     9.78252519e-002     5.44133610e-002     9.59250236e-002     7.43726481e-002     3.78613448e-002     0.00000000e+000 
       1865     9.78309901e-002     5.44165528e-002     9.59306503e-002     7.58134468e-002     3.85948211e-002     0.00000000e+000 
       1866     9.77831706e-002     5.43899542e-002     9.58837598e-002     7.70484169e-002     3.92235150e-002     0.00000000e+000 
       1867     9.73987021e-002     5.41761012e-002     9.55067595e-002     7.82147777e-002     3.98172815e-002     0.00000000e+000 
       1868     9.69798036e-002     5.39430972e-002     9.50959979e-002     7.92439194e-002     4.03411931e-002     0.00000000e+000 
       1869     9.65704688e-002     5.37154128e-002     9.46946144e-002     8.03416708e-002     4.09000321e-002     0.00000000e+000 
       1870     9.62319070e-002     5.35270945e-002     9.43626290e-002     8.13022031e-002     4.13890163e-002     0.00000000e+000 
       1871     9.87510367e-002     5.49283106e-002     9.68328254e-002     1.27133318e-001     6.47205461e-002     0.00000000e+000 
       1872     1.14778211e-001     6.38431094e-002     1.12548677e-001     1.41335475e-001     7.19505262e-002     0.00000000e+000 
       1873     1.16302696e-001     6.46910738e-002     1.14043549e-001     1.53342130e-001     7.80628282e-002     0.00000000e+000 
       1874     1.17220830e-001     6.52017677e-002     1.14943848e-001     1.58007573e-001     8.04378941e-002     0.00000000e+000 
       1875     1.18314939e-001     6.58103444e-002     1.16016705e-001     1.61781093e-001     8.23589033e-002     0.00000000e+000 
       1876     1.19328712e-001     6.63742355e-002     1.17010785e-001     1.72484168e-001     8.78075839e-002     0.00000000e+000 
       1877     1.20290840e-001     6.69094001e-002     1.17954224e-001     1.76463516e-001     8.98333754e-002     0.00000000e+000 
       1878     1.21249142e-001     6.74424367e-002     1.18893912e-001     1.79756769e-001     9.15098924e-002     0.00000000e+000 
       1879     1.22176840e-001     6.79584503e-002     1.19803589e-001     1.82638367e-001     9.29768450e-002     0.00000000e+000 
       1880     1.23148532e-001     6.84989345e-002     1.20756406e-001     1.85314135e-001     9.43390151e-002     0.00000000e+000 
       1881     1.29563992e-001     7.20674075e-002     1.27047248e-001     1.87646857e-001     9.55265481e-002     0.00000000e+000 
       1882     1.20382653e-001     6.69604694e-002     1.18044254e-001     1.89842360e-001     9.66442264e-002     0.00000000e+000 
       1883     1.20855110e-001     6.72232639e-002     1.18507533e-001     1.92106471e-001     9.77968316e-002     0.00000000e+000 
       1884     1.21092294e-001     6.73551932e-002     1.18740110e-001     1.94370583e-001     9.89494369e-002     0.00000000e+000 
       1885     1.21277834e-001     6.74583959e-002     1.18922046e-001     1.96566086e-001     1.00067115e-001     0.00000000e+000 
       1886     1.21149678e-001     6.73871115e-002     1.18796379e-001     2.07543599e-001     1.05655506e-001     0.00000000e+000 
       1887     1.20765209e-001     6.71732585e-002     1.18419379e-001     2.10905462e-001     1.07366950e-001     0.00000000e+000 
       1888     1.20246846e-001     6.68849293e-002     1.17911085e-001     2.13924278e-001     1.08903758e-001     0.00000000e+000 
       1889     1.19904459e-001     6.66944831e-002     1.17575348e-001     2.16394218e-001     1.10161145e-001     0.00000000e+000 
       1890     1.19546769e-001     6.64955252e-002     1.17224606e-001     2.18726939e-001     1.11348678e-001     0.00000000e+000 
       1891     1.19783706e-001     6.66273168e-002     1.17456941e-001     2.20718480e-001     1.12362524e-001     0.00000000e+000 
       1892     1.20439945e-001     6.69923369e-002     1.18100433e-001     2.22457438e-001     1.13247786e-001     0.00000000e+000 
       1893     1.21433629e-001     6.75450538e-002     1.19074815e-001     2.24029500e-001     1.14048086e-001     0.00000000e+000 
       1894     1.22682900e-001     6.82399360e-002     1.20299819e-001     2.25520354e-001     1.14807044e-001     0.00000000e+000 
       1895     1.24105900e-001     6.90314518e-002     1.21695178e-001     2.27015685e-001     1.15568281e-001     0.00000000e+000 
       1896     1.25620772e-001     6.98740694e-002     1.23180624e-001     2.28601183e-001     1.16375420e-001     0.00000000e+000 
       1897     1.27145659e-001     7.07222572e-002     1.24675890e-001     2.30362530e-001     1.17272081e-001     0.00000000e+000 
       1898     1.28598702e-001     7.15304837e-002     1.26100708e-001     2.32385416e-001     1.18301883e-001     0.00000000e+000 
       1899     1.29898044e-001     7.22532170e-002     1.27374810e-001     2.34755525e-001     1.19508450e-001     0.00000000e+000 
       1900     1.30961827e-001     7.28449255e-002     1.28417930e-001     2.37558548e-001     1.20935402e-001     0.00000000e+000 
       1901     1.31820290e-001     7.33224283e-002     1.29259717e-001     2.41660989e-001     1.23023857e-001     0.00000000e+000 
       1902     1.32578354e-001     7.37440866e-002     1.30003056e-001     2.47623307e-001     1.26059131e-001     0.00000000e+000 
       1903     1.33266188e-001     7.41266806e-002     1.30677529e-001     2.55072113e-001     1.29851141e-001     0.00000000e+000 
       1904     1.33913961e-001     7.44869914e-002     1.31312719e-001     2.63634018e-001     1.34209803e-001     0.00000000e+000 
       1905     1.34551841e-001     7.48417996e-002     1.31938209e-001     2.72935633e-001     1.38945034e-001     0.00000000e+000 
       1906     1.35209997e-001     7.52078859e-002     1.32583580e-001     2.82603571e-001     1.43866751e-001     0.00000000e+000 
       1907     1.35918598e-001     7.56020310e-002     1.33278417e-001     2.92264440e-001     1.48784869e-001     0.00000000e+000 
       1908     1.36707811e-001     7.60410156e-002     1.34052300e-001     3.01544854e-001     1.53509307e-001     0.00000000e+000 
       1909     1.37607807e-001     7.65416205e-002     1.34934814e-001     3.10071420e-001     1.57849979e-001     0.00000000e+000 
       1910     1.38648754e-001     7.71206263e-002     1.35955540e-001     3.17470754e-001     1.61616804e-001     0.00000000e+000 
       1911     1.39969546e-001     7.78552906e-002     1.37250676e-001     3.24071228e-001     1.64976948e-001     0.00000000e+000 
       1912     1.41642660e-001     7.87859276e-002     1.38891291e-001     3.30458200e-001     1.68228403e-001     0.00000000e+000 
       1913     1.43598640e-001     7.98739025e-002     1.40809276e-001     3.36643752e-001     1.71377321e-001     0.00000000e+000 
       1914     1.45768026e-001     8.10805808e-002     1.42936523e-001     3.42639967e-001     1.74429851e-001     0.00000000e+000 
       1915     1.48081362e-001     8.23673278e-002     1.45204922e-001     3.48458928e-001     1.77392146e-001     0.00000000e+000 
       1916     1.50469188e-001     8.36955090e-002     1.47546366e-001     3.54112717e-001     1.80270355e-001     0.00000000e+000 
       1917     1.52862047e-001     8.50264895e-002     1.49892744e-001     3.59613419e-001     1.83070631e-001     0.00000000e+000 
       1918     1.55190481e-001     8.63216349e-002     1.52175949e-001     3.64973114e-001     1.85799125e-001     0.00000000e+000 
       1919     1.57385032e-001     8.75423106e-002     1.54327872e-001     3.70203887e-001     1.88461987e-001     0.00000000e+000 
       1920     1.59376242e-001     8.86498817e-002     1.56280403e-001     3.75317822e-001     1.91065369e-001     0.00000000e+000 
       1921     1.61308228e-001     8.97245107e-002     1.58174861e-001     3.80357313e-001     1.93630854e-001     0.00000000e+000 
       1922     1.63334747e-001     9.08517215e-002     1.60162015e-001     3.85340570e-001     1.96167711e-001     0.00000000e+000 
       1923     1.65400798e-001     9.20009219e-002     1.62187934e-001     3.90243382e-001     1.98663616e-001     0.00000000e+000 
       1924     1.67451385e-001     9.31415199e-002     1.64198688e-001     3.95041542e-001     2.01106246e-001     0.00000000e+000 
       1925     1.69431507e-001     9.42429236e-002     1.66140347e-001     3.99710844e-001     2.03483276e-001     0.00000000e+000 
       1926     1.71286165e-001     9.52745410e-002     1.67958979e-001     4.04227077e-001     2.05782383e-001     0.00000000e+000 
       1927     1.72960362e-001     9.62057799e-002     1.69600656e-001     4.08566033e-001     2.07991242e-001     0.00000000e+000 
       1928     1.74399098e-001     9.70060483e-002     1.71011444e-001     4.12703506e-001     2.10097531e-001     0.00000000e+000 
       1929     1.75547375e-001     9.76447542e-002     1.72137416e-001     4.16615286e-001     2.12088925e-001     0.00000000e+000 
       1930     1.76350192e-001     9.80913056e-002     1.72924639e-001     4.20277168e-001     2.13953102e-001     0.00000000e+000 
       1931     1.76884295e-001     9.83883899e-002     1.73448367e-001     4.23482934e-001     2.15585081e-001     0.00000000e+000 
       1932     1.77287000e-001     9.86123866e-002     1.73843250e-001     4.26158344e-001     2.16947069e-001     0.00000000e+000 
       1933     1.77594165e-001     9.87832410e-002     1.74144448e-001     4.28477150e-001     2.18127518e-001     0.00000000e+000 
       1934     1.77841649e-001     9.89208992e-002     1.74387125e-001     4.30613102e-001     2.19214880e-001     0.00000000e+000 
       1935     1.78065311e-001     9.90453067e-002     1.74606442e-001     4.32739949e-001     2.20297607e-001     0.00000000e+000 
       1936     1.78301009e-001     9.91764091e-002     1.74837562e-001     4.35031445e-001     2.21464153e-001     0.00000000e+000 
       1937     1.78584602e-001     9.93341520e-002     1.75115646e-001     4.37661338e-001     2.22802969e-001     0.00000000e+000 
       1938     1.78951949e-001     9.95384813e-002     1.75475857e-001     4.40803381e-001     2.24402508e-001     0.00000000e+000 
       1939     1.79438906e-001     9.98093416e-002     1.75953355e-001     4.44631324e-001     2.26351223e-001     0.00000000e+000 
       1940     1.80081337e-001     1.00166681e-001     1.76583307e-001     4.49318918e-001     2.28737566e-001     0.00000000e+000 
       1941     1.85929513e-001     1.03419613e-001     1.82317884e-001     4.58803321e-001     2.33565849e-001     0.00000000e+000 
       1942     2.00563824e-001     1.11559659e-001     1.96667927e-001     4.75815980e-001     2.42226589e-001     0.00000000e+000 
       1943     2.21815298e-001     1.23380371e-001     2.17506597e-001     4.98722070e-001     2.53887534e-001     0.00000000e+000 
       1944     2.47514962e-001     1.37675301e-001     2.42707053e-001     5.25886770e-001     2.67716436e-001     0.00000000e+000 
       1945     2.75493843e-001     1.53238000e-001     2.70142452e-001     5.55675255e-001     2.82881045e-001     0.00000000e+000 
       1946     3.03582968e-001     1.68862020e-001     2.97685953e-001     5.86452705e-001     2.98549112e-001     0.00000000e+000 
       1947     3.29613365e-001     1.83340914e-001     3.23210718e-001     6.16584294e-001     3.13888387e-001     0.00000000e+000 
       1948     3.51416062e-001     1.95468232e-001     3.44589903e-001     6.44435201e-001     3.28066621e-001     0.00000000e+000 
       1949     3.66822084e-001     2.04037527e-001     3.59696667e-001     6.68370601e-001     3.40251563e-001     0.00000000e+000 
       1950     3.73662459e-001     2.07842351e-001     3.66404170e-001     6.86755675e-001     3.49610967e-001     0.00000000e+000 
       1951     3.75249662e-001     2.08725201e-001     3.67960542e-001     7.00627038e-001     3.56672547e-001     0.00000000e+000 
       1952     3.76413340e-001     2.09372474e-001     3.69101616e-001     7.12462456e-001     3.62697677e-001     0.00000000e+000 
       1953     3.77260291e-001     2.09843573e-001     3.69932115e-001     7.22788831e-001     3.67954589e-001     0.00000000e+000 
       1954     3.77897311e-001     2.10197903e-001     3.70556761e-001     7.32133066e-001     3.72711516e-001     0.00000000e+000 
       1955     3.78431201e-001     2.10494869e-001     3.71080280e-001     7.41022060e-001     3.77236691e-001     0.00000000e+000 
       1956     3.78968753e-001     2.10793871e-001     3.71607390e-001     7.49982717e-001     3.81798349e-001     0.00000000e+000 
       1957     3.79616766e-001     2.11154316e-001     3.72242816e-001     7.59541937e-001     3.86664720e-001     0.00000000e+000 
       1958     3.80482037e-001     2.11635606e-001     3.73091280e-001     7.70226622e-001     3.92104039e-001     0.00000000e+000 
       1959     3.81671365e-001     2.12297146e-001     3.74257505e-001     7.82563672e-001     3.98384537e-001     0.00000000e+000 
       1960     3.83291543e-001     2.13198338e-001     3.75846211e-001     7.97079990e-001     4.05774449e-001     0.00000000e+000 
       1961     3.92313491e-001     2.18216618e-001     3.84692911e-001     8.15189581e-001     4.14993611e-001     0.00000000e+000 
       1962     4.13841968e-001     2.30191407e-001     4.05803203e-001     8.37450661e-001     4.26326197e-001     0.00000000e+000 
       1963     4.45184528e-001     2.47625087e-001     4.36536943e-001     8.63106451e-001     4.39386949e-001     0.00000000e+000 
       1964     4.83648729e-001     2.69020037e-001     4.74253987e-001     8.91400173e-001     4.53790610e-001     0.00000000e+000 
       1965     5.26542127e-001     2.92878642e-001     5.16314193e-001     9.21575049e-001     4.69151921e-001     0.00000000e+000 
       1966     5.71172281e-001     3.17703281e-001     5.60077418e-001     9.52874298e-001     4.85085623e-001     0.00000000e+000 
       1967     6.14846743e-001     3.41996337e-001     6.02903516e-001     9.84541143e-001     5.01206460e-001     0.00000000e+000 
       1968     6.54873074e-001     3.64260192e-001     6.42152347e-001     1.01581880e+000     5.17129173e-001     0.00000000e+000 
       1969     6.88558828e-001     3.82997226e-001     6.75183764e-001     1.04595050e+000     5.32468503e-001     0.00000000e+000 
       1970     7.13211563e-001     3.96709822e-001     6.99357627e-001     1.07417946e+000     5.46839194e-001     0.00000000e+000 
       1971     7.21266907e-001     4.06796873e-001     6.75575574e-001     8.46183112e-001     4.98223626e-001     0.00000000e+000 
       1972     7.51127051e-001     4.66416634e-001     7.36297302e-001     8.65448506e-001     5.35896631e-001     0.00000000e+000 
       1973     7.55983220e-001     4.42021461e-001     7.63134611e-001     9.07429692e-001     5.17190995e-001     0.00000000e+000 
       1974     7.60018247e-001     4.43050156e-001     7.08535047e-001     8.02918642e-001     5.37248643e-001     0.00000000e+000 
       1975     8.06253101e-001     4.61428246e-001     7.27334590e-001     8.79217981e-001     5.64656228e-001     0.00000000e+000 
       1976     8.44012165e-001     4.69936876e-001     7.56667500e-001     8.46483609e-001     6.05596178e-001     0.00000000e+000 
       1977     8.33589148e-001     4.72536975e-001     8.52438801e-001     9.45383534e-001     5.80121727e-001     0.00000000e+000 
       1978     8.22763919e-001     4.75408870e-001     8.86465691e-001     9.30239836e-001     6.08052923e-001     0.00000000e+000 
       1979     8.77265391e-001     4.76765981e-001     9.23042704e-001     1.08916327e+000     6.28668391e-001     0.00000000e+000 
       1980     9.01179346e-001     4.86801426e-001     9.75185880e-001     1.07323640e+000     6.54577512e-001     0.00000000e+000 
       1981     8.70019840e-001     4.97880186e-001     9.64615796e-001     9.69139980e-001     6.41952691e-001     0.00000000e+000 
       1982     8.60150926e-001     5.06785476e-001     1.13802951e+000     1.06830989e+000     6.61090663e-001     0.00000000e+000 
       1983     8.56977217e-001     5.17834400e-001     1.18720960e+000     1.05513051e+000     6.61897403e-001     0.00000000e+000 
       1984     8.69648824e-001     5.31212805e-001     1.12595442e+000     9.57299336e-001     6.35508065e-001     0.00000000e+000 
       1985     8.87662304e-001     5.46580022e-001     1.10756390e+000     9.36024235e-001     6.46217161e-001     0.00000000e+000 
       1986     8.70917942e-001     5.64070852e-001     1.16846068e+000     9.16232526e-001     6.63235251e-001     0.00000000e+000 
       1987     8.50128257e-001     5.68984130e-001     1.30906178e+000     1.04818904e+000     7.12613258e-001     0.00000000e+000 
       1988     8.51988305e-001     5.66118808e-001     1.27044567e+000     9.11299464e-001     6.86595385e-001     0.00000000e+000 
       1989     8.93178100e-001     5.46905162e-001     1.25946444e+000     9.81296374e-001     6.95086795e-001     0.00000000e+000 
       1990     8.78989168e-001     5.34458275e-001     1.36070149e+000     1.19822675e+000     7.22122051e-001     0.00000000e+000 
       1991     8.76820653e-001     4.71394576e-001     1.45158503e+000     1.04262622e+000     7.18509275e-001     0.00000000e+000 
       1992     8.48805455e-001     4.20270651e-001     1.53553248e+000     1.33970004e+000     7.35433430e-001     0.00000000e+000 
       1993     8.60063924e-001     3.93033075e-001     1.44494452e+000     1.05052209e+000     7.67569270e-001     0.00000000e+000 
       1994     9.18357264e-001     3.54457063e-001     1.52567877e+000     1.10757067e+000     7.18591548e-001     0.00000000e+000 
       1995     8.91598232e-001     3.14922086e-001     1.57093111e+000     1.15031904e+000     7.37803761e-001     0.00000000e+000 
       1996     8.84862569e-001     3.89269558e-001     1.57592762e+000     1.08677156e+000     7.38535450e-001     0.00000000e+000 
       1997     8.87533815e-001     3.20434433e-001     1.82555245e+000     1.08516522e+000     7.45645700e-001     0.00000000e+000 
       1998     9.19093359e-001     4.13229121e-001     1.69460984e+000     1.11148749e+000     8.27240949e-001     0.00000000e+000 
       1999     9.15280035e-001     3.05567655e-001     1.65974271e+000     1.07813748e+000     7.73875760e-001     0.00000000e+000 
       2000     8.94507063e-001     3.10831177e-001     1.57515672e+000     1.11004981e+000     7.61686260e-001     0.00000000e+000 
       2001     8.98054994e-001     3.08660007e-001     1.60105966e+000     1.15278094e+000     7.72090276e-001     0.00000000e+000 
       2002     8.86240253e-001     3.43561577e-001     1.68137802e+000     1.13010360e+000     7.84657896e-001     0.00000000e+000 
       2003     8.96190996e-001     3.56435427e-001     1.62072880e+000     1.10783549e+000     8.25090105e-001     0.00000000e+000 
       2004     8.96868042e-001     2.93080428e-001     1.72264782e+000     1.12513557e+000     8.73941501e-001     0.00000000e+000 
       2005     8.72456277e-001     2.88990996e-001     1.74897958e+000     1.16905141e+000     8.98748583e-001     0.00000000e+000 
