RCPTOOL - MAGICC 6.X DATA FILE 
VERSION:   ALPHA - FIRST DRAFT - PRIMAP xls file written on 02 Sep 2009, 17:04:37 
 
 
DATA:  Historical fossil&industrial CO2 (CO2I) Emissions (HISTRCP_CO2I_EMIS) 
SOURCE:  RCP data as presented on http://www.iiasa.ac.at/web-apps/tnt/RcpDb, August 2009 
CONTACT:  Base year emissions inventories: Steve Smith (ssmith@pnl.gov) and Jean-Francois Lamarque (Jean-Francois.Lamarque@noaa.gov); RCP 3-PD (IMAGE): Detlef van Vuuren (detlef.vanvuuren@pbl.nl); RCP 4.5 (MiniCAM): Allison Thomson (Allison.Thomson@pnl.gov); RCP 6.0 (AIM): Toshihiko Masui (masui@nies.go.jp); RCP 8.5 (MESSAGE): Keywan Riahi (riahi@iiasa.ac.at); Concentrations & Forcing compilation: Malte Meinshausen (malte.meinshausen@pik-potsdam.de) 
 
 
 
 

&THISFILE_SPECIFICATIONS 
 THISFILE_DATACOLUMNS    =    5  ,
 THISFILE_FIRSTYEAR      = 1765  ,
 THISFILE_LASTYEAR       = 2006  ,
 THISFILE_ANNUALSTEPS    =    1  ,
 THISFILE_FIRSTDATAROW   =   24  ,
 THISFILE_UNITS          = GtC  ,
 THISFILE_DATTYPE        = REGIONDATA  ,
/  

    COLCODE              R5OECD               R5REF              R5ASIA               R5MAF               R5LAM
       1765     3.00000000e-003     0.00000000e+000     0.00000000e+000     0.00000000e+000     0.00000000e+000 
       1766     3.00000000e-003     0.00000000e+000     0.00000000e+000     0.00000000e+000     0.00000000e+000 
       1767     3.00000000e-003     0.00000000e+000     0.00000000e+000     0.00000000e+000     0.00000000e+000 
       1768     3.00000000e-003     0.00000000e+000     0.00000000e+000     0.00000000e+000     0.00000000e+000 
       1769     3.00000000e-003     0.00000000e+000     0.00000000e+000     0.00000000e+000     0.00000000e+000 
       1770     3.00000000e-003     0.00000000e+000     0.00000000e+000     0.00000000e+000     0.00000000e+000 
       1771     4.00000000e-003     0.00000000e+000     0.00000000e+000     0.00000000e+000     0.00000000e+000 
       1772     4.00000000e-003     0.00000000e+000     0.00000000e+000     0.00000000e+000     0.00000000e+000 
       1773     4.00000000e-003     0.00000000e+000     0.00000000e+000     0.00000000e+000     0.00000000e+000 
       1774     4.00000000e-003     0.00000000e+000     0.00000000e+000     0.00000000e+000     0.00000000e+000 
       1775     4.00000000e-003     0.00000000e+000     0.00000000e+000     0.00000000e+000     0.00000000e+000 
       1776     4.00000000e-003     0.00000000e+000     0.00000000e+000     0.00000000e+000     0.00000000e+000 
       1777     4.00000000e-003     0.00000000e+000     0.00000000e+000     0.00000000e+000     0.00000000e+000 
       1778     4.00000000e-003     0.00000000e+000     0.00000000e+000     0.00000000e+000     0.00000000e+000 
       1779     4.00000000e-003     0.00000000e+000     0.00000000e+000     0.00000000e+000     0.00000000e+000 
       1780     4.00000000e-003     0.00000000e+000     0.00000000e+000     0.00000000e+000     0.00000000e+000 
       1781     5.00000000e-003     0.00000000e+000     0.00000000e+000     0.00000000e+000     0.00000000e+000 
       1782     5.00000000e-003     0.00000000e+000     0.00000000e+000     0.00000000e+000     0.00000000e+000 
       1783     5.00000000e-003     0.00000000e+000     0.00000000e+000     0.00000000e+000     0.00000000e+000 
       1784     5.00000000e-003     0.00000000e+000     0.00000000e+000     0.00000000e+000     0.00000000e+000 
       1785     5.00000000e-003     0.00000000e+000     0.00000000e+000     0.00000000e+000     0.00000000e+000 
       1786     5.00000000e-003     0.00000000e+000     0.00000000e+000     0.00000000e+000     0.00000000e+000 
       1787     5.00000000e-003     0.00000000e+000     0.00000000e+000     0.00000000e+000     0.00000000e+000 
       1788     5.00000000e-003     0.00000000e+000     0.00000000e+000     0.00000000e+000     0.00000000e+000 
       1789     5.00000000e-003     0.00000000e+000     0.00000000e+000     0.00000000e+000     0.00000000e+000 
       1790     5.00000000e-003     0.00000000e+000     0.00000000e+000     0.00000000e+000     0.00000000e+000 
       1791     6.00000000e-003     0.00000000e+000     0.00000000e+000     0.00000000e+000     0.00000000e+000 
       1792     6.00000000e-003     0.00000000e+000     0.00000000e+000     0.00000000e+000     0.00000000e+000 
       1793     6.00000000e-003     0.00000000e+000     0.00000000e+000     0.00000000e+000     0.00000000e+000 
       1794     6.00000000e-003     0.00000000e+000     0.00000000e+000     0.00000000e+000     0.00000000e+000 
       1795     6.00000000e-003     0.00000000e+000     0.00000000e+000     0.00000000e+000     0.00000000e+000 
       1796     6.00000000e-003     0.00000000e+000     0.00000000e+000     0.00000000e+000     0.00000000e+000 
       1797     7.00000000e-003     0.00000000e+000     0.00000000e+000     0.00000000e+000     0.00000000e+000 
       1798     7.00000000e-003     0.00000000e+000     0.00000000e+000     0.00000000e+000     0.00000000e+000 
       1799     7.00000000e-003     0.00000000e+000     0.00000000e+000     0.00000000e+000     0.00000000e+000 
       1800     7.88417895e-003     1.15821051e-004     0.00000000e+000     0.00000000e+000     0.00000000e+000 
       1801     7.87314900e-003     1.26851002e-004     0.00000000e+000     0.00000000e+000     0.00000000e+000 
       1802     9.87747784e-003     1.22522164e-004     0.00000000e+000     0.00000000e+000     0.00000000e+000 
       1803     8.86804747e-003     1.31952525e-004     0.00000000e+000     0.00000000e+000     0.00000000e+000 
       1804     8.87985903e-003     1.20140965e-004     0.00000000e+000     0.00000000e+000     0.00000000e+000 
       1805     8.84606951e-003     1.53930490e-004     0.00000000e+000     0.00000000e+000     0.00000000e+000 
       1806     9.85154208e-003     1.48457919e-004     0.00000000e+000     0.00000000e+000     0.00000000e+000 
       1807     9.89765501e-003     1.02344992e-004     0.00000000e+000     0.00000000e+000     0.00000000e+000 
       1808     9.85684431e-003     1.43155695e-004     0.00000000e+000     0.00000000e+000     0.00000000e+000 
       1809     9.86530229e-003     1.34697713e-004     0.00000000e+000     0.00000000e+000     0.00000000e+000 
       1810     9.84806901e-003     1.51930994e-004     0.00000000e+000     0.00000000e+000     0.00000000e+000 
       1811     1.08360641e-002     1.63935944e-004     0.00000000e+000     0.00000000e+000     0.00000000e+000 
       1812     1.08781272e-002     1.21872766e-004     0.00000000e+000     0.00000000e+000     0.00000000e+000 
       1813     1.08983111e-002     1.01688889e-004     0.00000000e+000     0.00000000e+000     0.00000000e+000 
       1814     1.08689337e-002     1.31066272e-004     0.00000000e+000     0.00000000e+000     0.00000000e+000 
       1815     1.18372230e-002     1.62776982e-004     0.00000000e+000     0.00000000e+000     0.00000000e+000 
       1816     1.28151280e-002     1.84872012e-004     0.00000000e+000     0.00000000e+000     0.00000000e+000 
       1817     1.37893410e-002     2.10658958e-004     0.00000000e+000     0.00000000e+000     0.00000000e+000 
       1818     1.37396118e-002     2.60388221e-004     0.00000000e+000     0.00000000e+000     0.00000000e+000 
       1819     1.37874120e-002     2.12588028e-004     0.00000000e+000     0.00000000e+000     0.00000000e+000 
       1820     1.37935521e-002     2.06447882e-004     0.00000000e+000     0.00000000e+000     0.00000000e+000 
       1821     1.37746118e-002     2.25388232e-004     0.00000000e+000     0.00000000e+000     0.00000000e+000 
       1822     1.47450658e-002     2.54934211e-004     0.00000000e+000     0.00000000e+000     0.00000000e+000 
       1823     1.56547881e-002     3.45211870e-004     0.00000000e+000     0.00000000e+000     0.00000000e+000 
       1824     1.56514118e-002     3.48588243e-004     0.00000000e+000     0.00000000e+000     0.00000000e+000 
       1825     1.66288747e-002     3.71125317e-004     0.00000000e+000     0.00000000e+000     0.00000000e+000 
       1826     1.66622920e-002     3.37708047e-004     0.00000000e+000     0.00000000e+000     0.00000000e+000 
       1827     1.76428016e-002     3.57198444e-004     0.00000000e+000     0.00000000e+000     0.00000000e+000 
       1828     1.76733931e-002     3.26606917e-004     0.00000000e+000     0.00000000e+000     0.00000000e+000 
       1829     1.77109431e-002     2.89056895e-004     0.00000000e+000     0.00000000e+000     0.00000000e+000 
       1830     2.36980760e-002     3.01924026e-004     0.00000000e+000     0.00000000e+000     0.00000000e+000 
       1831     2.27547464e-002     2.45253576e-004     0.00000000e+000     0.00000000e+000     0.00000000e+000 
       1832     2.26930561e-002     3.06943906e-004     0.00000000e+000     0.00000000e+000     0.00000000e+000 
       1833     2.36798919e-002     3.20108053e-004     0.00000000e+000     0.00000000e+000     0.00000000e+000 
       1834     2.36750311e-002     3.24968944e-004     0.00000000e+000     0.00000000e+000     0.00000000e+000 
       1835     2.46516103e-002     3.48389710e-004     0.00000000e+000     0.00000000e+000     0.00000000e+000 
       1836     2.85973912e-002     4.02608756e-004     0.00000000e+000     0.00000000e+000     0.00000000e+000 
       1837     2.85727085e-002     4.27291499e-004     0.00000000e+000     0.00000000e+000     0.00000000e+000 
       1838     2.95421867e-002     4.57813348e-004     0.00000000e+000     0.00000000e+000     0.00000000e+000 
       1839     3.04942223e-002     5.05777690e-004     0.00000000e+000     0.00000000e+000     0.00000000e+000 
       1840     3.24164330e-002     5.83566961e-004     0.00000000e+000     0.00000000e+000     0.00000000e+000 
       1841     3.33660621e-002     6.33937909e-004     0.00000000e+000     0.00000000e+000     0.00000000e+000 
       1842     3.53420286e-002     6.57971425e-004     0.00000000e+000     0.00000000e+000     0.00000000e+000 
       1843     3.63499821e-002     6.50017927e-004     0.00000000e+000     0.00000000e+000     0.00000000e+000 
       1844     3.82886678e-002     7.11332193e-004     0.00000000e+000     0.00000000e+000     0.00000000e+000 
       1845     4.22021435e-002     7.97856519e-004     0.00000000e+000     0.00000000e+000     0.00000000e+000 
       1846     4.21792597e-002     8.20740259e-004     0.00000000e+000     0.00000000e+000     0.00000000e+000 
       1847     4.51494697e-002     8.50530253e-004     0.00000000e+000     0.00000000e+000     0.00000000e+000 
       1848     4.61766901e-002     8.23309935e-004     0.00000000e+000     0.00000000e+000     0.00000000e+000 
       1849     4.91813916e-002     8.18608366e-004     0.00000000e+000     0.00000000e+000     0.00000000e+000 
       1850     5.30905877e-002     9.09412334e-004     0.00000000e+000     0.00000000e+000     0.00000000e+000 
       1851     5.29855463e-002     1.01445374e-003     0.00000000e+000     0.00000000e+000     0.00000000e+000 
       1852     5.57710441e-002     1.22895587e-003     0.00000000e+000     0.00000000e+000     0.00000000e+000 
       1853     5.77334098e-002     1.26659016e-003     0.00000000e+000     0.00000000e+000     0.00000000e+000 
       1854     6.75892470e-002     1.41075303e-003     0.00000000e+000     0.00000000e+000     0.00000000e+000 
       1855     6.92472594e-002     1.75274059e-003     0.00000000e+000     0.00000000e+000     0.00000000e+000 
       1856     7.41369298e-002     1.86307021e-003     0.00000000e+000     0.00000000e+000     0.00000000e+000 
       1857     7.50006550e-002     1.99934497e-003     0.00000000e+000     0.00000000e+000     0.00000000e+000 
       1858     7.55251993e-002     2.35503600e-003     1.19764651e-004     0.00000000e+000     0.00000000e+000 
       1859     8.04903288e-002     2.31568697e-003     1.93984249e-004     0.00000000e+000     0.00000000e+000 
       1860     8.82344808e-002     2.56992654e-003     1.95592683e-004     0.00000000e+000     0.00000000e+000 
       1861     9.20154867e-002     2.83438685e-003     1.50126422e-004     0.00000000e+000     0.00000000e+000 
       1862     9.34791871e-002     3.35420655e-003     1.66606310e-004     0.00000000e+000     0.00000000e+000 
       1863     9.99073934e-002     3.90708316e-003     1.85523433e-004     0.00000000e+000     0.00000000e+000 
       1864     1.07400988e-001     4.42363867e-003     1.75373235e-004     0.00000000e+000     0.00000000e+000 
       1865     1.13899395e-001     4.92816467e-003     1.72440384e-004     0.00000000e+000     0.00000000e+000 
       1866     1.16250559e-001     5.55602287e-003     1.93418545e-004     0.00000000e+000     0.00000000e+000 
       1867     1.23814556e-001     6.18544448e-003     2.22691047e-004     0.00000000e+000     0.00000000e+000 
       1868     1.28187509e-001     6.81249067e-003     2.51963550e-004     0.00000000e+000     0.00000000e+000 
       1869     1.34650852e-001     7.34914820e-003     2.81236052e-004     0.00000000e+000     0.00000000e+000 
       1870     1.38964422e-001     8.03557791e-003     3.10508554e-004     0.00000000e+000     0.00000000e+000 
       1871     1.46657951e-001     9.34204889e-003     3.39781056e-004     0.00000000e+000     0.00000000e+000 
       1872     1.62924551e-001     1.00754494e-002     3.69053559e-004     0.00000000e+000     0.00000000e+000 
       1873     1.73324038e-001     1.06759616e-002     3.98326061e-004     0.00000000e+000     0.00000000e+000 
       1874     1.62234413e-001     1.17655875e-002     4.27598563e-004     0.00000000e+000     0.00000000e+000 
       1875     1.75938019e-001     1.20619808e-002     4.56871065e-004     0.00000000e+000     0.00000000e+000 
       1876     1.76332084e-001     1.46679162e-002     4.86143568e-004     0.00000000e+000     0.00000000e+000 
       1877     1.79482162e-001     1.45178383e-002     5.15416070e-004     0.00000000e+000     0.00000000e+000 
       1878     1.79563281e-001     1.58920300e-002     5.44688572e-004     0.00000000e+000     0.00000000e+000 
       1879     1.92527683e-001     1.69551187e-002     5.17198581e-004     0.00000000e+000     0.00000000e+000 
       1880     2.17603704e-001     1.78215707e-002     5.74725601e-004     0.00000000e+000     0.00000000e+000 
       1881     2.24128737e-001     1.83129233e-002     5.58339334e-004     0.00000000e+000     0.00000000e+000 
       1882     2.36383749e-001     1.89544059e-002     6.61845440e-004     0.00000000e+000     0.00000000e+000 
       1883     2.50404362e-001     2.08577052e-002     7.37933309e-004     0.00000000e+000     0.00000000e+000 
       1884     2.52588896e-001     2.15824444e-002     8.21602698e-004     6.04860882e-006     1.00810147e-006 
       1885     2.53481845e-001     2.27649686e-002     7.42094822e-004     1.00828101e-005     1.00828101e-006 
       1886     2.56754050e-001     2.33988723e-002     8.31968858e-004     1.30939409e-005     2.01445244e-006 
       1887     2.69576697e-001     2.41879101e-002     9.22010405e-004     1.30996014e-005     3.00283170e-004 
       1888     2.99497175e-001     2.62083486e-002     1.02508786e-003     2.21967843e-005     2.47191462e-004 
       1889     2.97118715e-001     2.81507791e-002     1.20822263e-003     3.63679053e-005     4.85915623e-004 
       1890     3.23992220e-001     3.02090460e-002     1.33643333e-003     8.17606496e-005     3.80540308e-004 
       1891     3.37654850e-001     3.24065464e-002     1.44235306e-003     8.16997186e-005     4.14550424e-004 
       1892     3.39248807e-001     3.23736336e-002     1.68863061e-003     1.31751406e-004     5.57177701e-004 
       1893     3.32089433e-001     3.48803810e-002     1.94927183e-003     4.94621431e-004     5.86292613e-004 
       1894     3.43952391e-001     3.57505823e-002     1.91847162e-003     6.70102658e-004     7.08451907e-004 
       1895     3.63132641e-001     3.86243248e-002     2.40815383e-003     9.19458566e-004     9.15421426e-004 
       1896     3.73923379e-001     4.02904017e-002     2.66147689e-003     1.17234122e-003     9.52401133e-004 
       1897     3.91099871e-001     4.36550487e-002     2.97406658e-003     1.31910980e-003     9.51903623e-004 
       1898     4.11291404e-001     4.75790861e-002     3.36884419e-003     1.67629951e-003     1.08436576e-003 
       1899     4.49833991e-001     5.07736143e-002     3.63211125e-003     1.52493993e-003     1.23534311e-003 
       1900     4.74282552e-001     5.37979072e-002     4.12577086e-003     6.43450287e-004     1.15031914e-003 
       1901     4.87998015e-001     5.61735353e-002     4.61105599e-003     1.08226941e-003     2.13512381e-003 
       1902     5.02020488e-001     5.49939671e-002     4.87888170e-003     1.61344050e-003     2.49322220e-003 
       1903     5.50633576e-001     5.56833450e-002     5.90194004e-003     2.18383942e-003     2.59729951e-003 
       1904     5.53500288e-001     5.85965563e-002     6.50564991e-003     2.47021711e-003     2.92728853e-003 
       1905     5.92073141e-001     5.81219854e-002     6.88830642e-003     2.83820922e-003     3.07835759e-003 
       1906     6.23573664e-001     6.40275198e-002     1.20502648e-002     3.29336156e-003     4.05518950e-003 
       1907     6.94842025e-001     6.87840538e-002     1.26521094e-002     3.56026586e-003     4.16154623e-003 
       1908     6.55469143e-001     7.06878881e-002     1.50197946e-002     3.67556922e-003     5.14760555e-003 
       1909     6.87671326e-001     7.36431727e-002     1.47191292e-002     4.24605822e-003     4.72031431e-003 
       1910     7.21986341e-001     7.20898412e-002     1.41832894e-002     4.81725078e-003     5.92327789e-003 
       1911     7.31156148e-001     7.53127325e-002     1.72801565e-002     4.72938037e-003     7.52158231e-003 
       1912     7.70132986e-001     8.35966544e-002     1.32502048e-002     5.09795155e-003     6.92220359e-003 
       1913     8.27722148e-001     8.89732722e-002     1.44675188e-002     5.52638424e-003     6.31067658e-003 
       1914     7.46821751e-001     7.71978246e-002     1.59272826e-002     5.49789032e-003     4.55525112e-003 
       1915     7.36715218e-001     7.41431016e-002     1.65148267e-002     5.70833338e-003     4.91852003e-003 
       1916     7.91812561e-001     8.00519098e-002     1.74741128e-002     6.67424455e-003     4.98717164e-003 
       1917     8.43111855e-001     8.13145089e-002     1.88211248e-002     7.40157736e-003     4.35093411e-003 
       1918     8.46656039e-001     5.66856494e-002     2.06816696e-002     7.06567071e-003     4.91097084e-003 
       1919     7.43372568e-001     2.65512762e-002     2.31922510e-002     7.44752040e-003     5.43638425e-003 
       1920     8.48047005e-001     4.67586041e-002     2.18351066e-002     8.24047167e-003     7.11881223e-003 
       1921     7.17913085e-001     4.73149270e-002     2.22103247e-002     8.17201848e-003     7.38964487e-003 
       1922     7.61139400e-001     4.87899986e-002     2.26275692e-002     6.96420209e-003     5.47883032e-003 
       1923     8.81779393e-001     4.61842840e-002     2.50604676e-002     9.11169668e-003     7.86415922e-003 
       1924     8.68130357e-001     4.97945777e-002     2.69614459e-002     9.20536478e-003     8.90825509e-003 
       1925     8.78811025e-001     4.90009400e-002     2.68493739e-002     9.66714739e-003     1.06715132e-002 
       1926     8.76721813e-001     5.77961320e-002     2.64083435e-002     1.02300634e-002     1.18436478e-002 
       1927     9.43968772e-001     6.73040004e-002     2.85569769e-002     1.08855400e-002     1.12847104e-002 
       1928     9.40965183e-001     7.28565498e-002     2.98939864e-002     1.05408257e-002     1.07434552e-002 
       1929     1.01018497e+000     8.03166607e-002     3.10626946e-002     1.05887208e-002     1.28469547e-002 
       1930     9.19638318e-001     8.06547514e-002     3.12618000e-002     1.03381070e-002     1.11070234e-002 
       1931     8.06098801e-001     8.70898048e-002     3.03450181e-002     9.09627485e-003     7.37010089e-003 
       1932     7.12656209e-001     8.78087118e-002     2.86066923e-002     8.51278888e-003     9.41559846e-003 
       1933     7.49697623e-001     9.45888582e-002     2.97268993e-002     8.34396011e-003     1.06426595e-002 
       1934     8.05969691e-001     1.10697251e-001     3.34614619e-002     1.08411224e-002     1.20304742e-002 
       1935     8.39545823e-001     1.23210604e-001     3.68810099e-002     1.31226193e-002     1.42399438e-002 
       1936     9.22637828e-001     1.40072235e-001     3.97081781e-002     1.41874755e-002     1.33942840e-002 
       1937     9.84953645e-001     1.47946008e-001     4.13699457e-002     1.61582929e-002     1.85721085e-002 
       1938     9.04315085e-001     1.59154946e-001     4.25200076e-002     1.69236194e-002     1.90863423e-002 
       1939     9.42921253e-001     1.60886748e-001     4.79825829e-002     2.03061440e-002     1.99032727e-002 
       1940     9.86044068e-001     2.17103390e-001     5.40122034e-002     2.06511864e-002     2.11891525e-002 
       1941     1.03173633e+000     1.98006136e-001     6.53080851e-002     2.07527947e-002     1.81966516e-002 
       1942     1.07361139e+000     1.68431220e-001     6.03490048e-002     2.25280583e-002     1.70803291e-002 
       1943     1.09317582e+000     1.97778764e-001     5.61324405e-002     2.37543651e-002     2.01586095e-002 
       1944     1.09339950e+000     1.84890656e-001     5.36036930e-002     2.93330980e-002     2.17730528e-002 
       1945     9.29880117e-001     1.45517715e-001     3.47349986e-002     2.84344960e-002     2.14326733e-002 
       1946     9.67960222e-001     1.70862391e-001     2.78001901e-002     3.23405823e-002     3.90366149e-002 
       1947     1.09787274e+000     1.97885247e-001     3.14476196e-002     3.86506037e-002     2.61437886e-002 
       1948     1.17640320e+000     2.12249834e-001     2.46688210e-002     3.10401364e-002     2.46380120e-002 
       1949     1.10805582e+000     2.45819293e-001     4.51151121e-002     3.46837571e-002    -1.46739779e-002 
       1950     1.24133211e+000     2.62407287e-001     5.19839540e-002     2.86632198e-002     4.56134321e-002 
       1951     1.33246722e+000     2.86819646e-001     6.14548876e-002     3.30391547e-002     5.42190870e-002 
       1952     1.32298093e+000     3.08602185e-001     7.28726749e-002     3.48194590e-002     5.67247467e-002 
       1953     1.34548775e+000     3.27535705e-001     7.57710745e-002     3.56922735e-002     5.65131997e-002 
       1954     1.32619510e+000     3.53005024e-001     8.63321509e-002     3.83666379e-002     6.11010871e-002 
       1955     1.43572567e+000     3.92882394e-001     1.00623329e-001     4.66117845e-002     6.71568185e-002 
       1956     1.51523378e+000     4.28780731e-001     1.10425224e-001     5.06001117e-002     7.29601504e-002 
       1957     1.53827274e+000     4.72997947e-001     1.26281911e-001     5.32348127e-002     7.92125909e-002 
       1958     1.49097104e+000     4.98229072e-001     2.06658090e-001     5.68534994e-002     7.72882946e-002 
       1959     1.52904523e+000     5.24947529e-001     2.67123174e-001     5.69991996e-002     8.38848689e-002 
       1960     1.59418621e+000     5.46278474e-001     2.87719068e-001     6.46651645e-002     8.41510884e-002 
       1961     1.63858780e+000     5.70334573e-001     2.30969545e-001     6.75935245e-002     8.65145619e-002 
       1962     1.72340790e+000     6.04186083e-001     2.07897821e-001     7.21737561e-002     9.23344429e-002 
       1963     1.81700220e+000     6.47155994e-001     2.13078636e-001     7.86611799e-002     9.21019879e-002 
       1964     1.90823463e+000     6.93306191e-001     2.17506016e-001     8.90365208e-002     9.99166428e-002 
       1965     1.97561631e+000     7.26211129e-001     2.38063756e-001     1.02276065e-001     1.02832744e-001 
       1966     2.06168472e+000     7.63820877e-001     2.59933378e-001     1.11167223e-001     1.08393799e-001 
       1967     2.13797727e+000     7.96130924e-001     2.42834265e-001     1.17101910e-001     1.16955631e-001 
       1968     2.24601452e+000     8.22626729e-001     2.65050468e-001     1.30438573e-001     1.23869709e-001 
       1969     2.36400709e+000     8.56544402e-001     3.01650469e-001     1.43950056e-001     1.33847987e-001 
       1970     2.50754976e+000     8.98442949e-001     3.70176533e-001     1.53661704e-001     1.46169053e-001 
       1971     2.54301568e+000     9.46629730e-001     4.14948252e-001     1.73839085e-001     1.52567258e-001 
       1972     2.63899327e+000     9.85179435e-001     4.31862226e-001     1.84372202e-001     1.58592866e-001 
       1973     2.77586902e+000     1.02384935e+000     4.54051215e-001     2.08362210e-001     1.72868200e-001 
       1974     2.71341706e+000     1.06479268e+000     4.65338768e-001     2.16331949e-001     1.84119540e-001 
       1975     2.58724836e+000     1.11422363e+000     5.19516080e-001     2.10529593e-001     1.83482339e-001 
       1976     2.73162651e+000     1.16504228e+000     5.50972321e-001     2.39074086e-001     1.96284803e-001 
       1977     2.75057533e+000     1.20776947e+000     6.20020198e-001     2.48632532e-001     2.02002469e-001 
       1978     2.75216904e+000     1.22138870e+000     6.62148497e-001     2.51820888e-001     2.17472874e-001 
       1979     2.89543445e+000     1.26730667e+000     7.04620394e-001     2.79293292e-001     2.40345195e-001 
       1980     2.79218131e+000     1.30179383e+000     7.00403066e-001     2.83609615e-001     2.54012187e-001 
       1981     2.66519852e+000     1.26629096e+000     6.99268297e-001     2.84286284e-001     2.52955937e-001 
       1982     2.55383320e+000     1.28266005e+000     7.37870395e-001     2.91368769e-001     2.61267593e-001 
       1983     2.50721754e+000     1.28172447e+000     7.73578318e-001     3.00631575e-001     2.46848102e-001 
       1984     2.58276723e+000     1.30242380e+000     8.30152652e-001     3.24266734e-001     2.50389583e-001 
       1985     2.59214547e+000     1.37381010e+000     8.92406596e-001     3.37018782e-001     2.48619055e-001 
       1986     2.62943815e+000     1.40631173e+000     9.57275225e-001     3.58468532e-001     2.58506364e-001 
       1987     2.67406501e+000     1.44324022e+000     1.01106904e+000     3.56299905e-001     2.68325823e-001 
       1988     2.75198176e+000     1.46317054e+000     1.09456974e+000     3.79729067e-001     2.74548885e-001 
       1989     2.83626231e+000     1.44147599e+000     1.14442746e+000     3.84538333e-001     2.82295908e-001 
       1990     2.89475082e+000     1.34883123e+000     1.20029066e+000     3.97974096e-001     3.02153191e-001 
       1991     2.93507723e+000     1.29041321e+000     1.28649545e+000     4.18882460e-001     3.04131645e-001 
       1992     2.87109962e+000     1.16892964e+000     1.33272214e+000     4.35737271e-001     3.09511328e-001 
       1993     2.89744886e+000     1.06089617e+000     1.40476535e+000     4.53197146e-001     3.07692466e-001 
       1994     2.97237197e+000     9.46295542e-001     1.51058858e+000     4.85677702e-001     3.27066212e-001 
       1995     3.00775445e+000     9.26144624e-001     1.62655107e+000     4.76119039e-001     3.35430821e-001 
       1996     3.06794760e+000     9.07386310e-001     1.71311518e+000     4.76088119e-001     3.45462796e-001 
       1997     3.13420280e+000     8.72531363e-001     1.76052959e+000     4.85538797e-001     3.66197451e-001 
       1998     3.18473828e+000     8.53781455e-001     1.64821424e+000     5.22508899e-001     3.78757131e-001 
       1999     3.12414815e+000     8.25216385e-001     1.71231497e+000     5.29626251e-001     3.77694248e-001 
       2000     3.19141336e+000     8.23591073e-001     1.76820270e+000     5.80790259e-001     3.71002610e-001 
       2001     3.22211519e+000     8.48947286e-001     1.84902900e+000     5.88493246e-001     3.87415273e-001 
       2002     3.20779686e+000     8.39392340e-001     1.92223368e+000     6.00685567e-001     3.78891558e-001 
       2003     3.25479535e+000     8.73314393e-001     2.14221765e+000     6.27771730e-001     3.87900875e-001 
       2004     3.30953766e+000     8.84218828e-001     2.41758455e+000     6.69433055e-001     3.91225911e-001 
       2005     3.34819996e+000     8.92192193e-001     2.60822514e+000     7.10150885e-001     4.12231816e-001 
       2006     3.34552303e+000     9.25997646e-001     2.79569560e+000     7.28963964e-001     4.33819764e-001 
