
__MAGICC 5.X DATA FILE__ 

Data: Fossil & Industrial Emissions 
Gas: Carbon Dioxide (CO2) 
Unit: Gigatons of Carbon (GtC) 
Description: Marland et al. fossil&industry CO2 emissions; Hemispheric compilation from country-data-version, scaled to match global data;  as available on URL: http://cdiac.ornl.gov/trends/emis/tre_coun.htm 
Source: Marland et al. fossil&industry CO2 emissions; Hemispheric compilation from country-data-version, scaled to match global data;  as available on URL: http://cdiac.ornl.gov/trends/emis/tre_coun.htm 
Compiled by: Malte Meinshausen, Lauder NZ, NCAR/PIK, malte.meinshausen@gmail.com 
Date: 18-Jul-2006 10:51:04  

&THISFILE_SPECIFICATIONS 
 THISFILE_DATACOLUMNS    =    2  ,
 THISFILE_FIRSTYEAR      = 1751  ,
 THISFILE_LASTYEAR       = 2002  ,
 THISFILE_ANNUALSTEPS    =    1  ,
 THISFILE_FIRSTDATAROW   =   21  ,
/  

       YEARS    EMIS-NH             EMIS-SH
       1751     3.00000000e-003     0.00000000e+000 
       1752     3.00000000e-003     0.00000000e+000 
       1753     3.00000000e-003     0.00000000e+000 
       1754     3.00000000e-003     0.00000000e+000 
       1755     3.00000000e-003     0.00000000e+000 
       1756     3.00000000e-003     0.00000000e+000 
       1757     3.00000000e-003     0.00000000e+000 
       1758     3.00000000e-003     0.00000000e+000 
       1759     3.00000000e-003     0.00000000e+000 
       1760     3.00000000e-003     0.00000000e+000 
       1761     3.00000000e-003     0.00000000e+000 
       1762     3.00000000e-003     0.00000000e+000 
       1763     3.00000000e-003     0.00000000e+000 
       1764     3.00000000e-003     0.00000000e+000 
       1765     3.00000000e-003     0.00000000e+000 
       1766     3.00000000e-003     0.00000000e+000 
       1767     3.00000000e-003     0.00000000e+000 
       1768     3.00000000e-003     0.00000000e+000 
       1769     3.00000000e-003     0.00000000e+000 
       1770     3.00000000e-003     0.00000000e+000 
       1771     4.00000000e-003     0.00000000e+000 
       1772     4.00000000e-003     0.00000000e+000 
       1773     4.00000000e-003     0.00000000e+000 
       1774     4.00000000e-003     0.00000000e+000 
       1775     4.00000000e-003     0.00000000e+000 
       1776     4.00000000e-003     0.00000000e+000 
       1777     4.00000000e-003     0.00000000e+000 
       1778     4.00000000e-003     0.00000000e+000 
       1779     4.00000000e-003     0.00000000e+000 
       1780     4.00000000e-003     0.00000000e+000 
       1781     5.00000000e-003     0.00000000e+000 
       1782     5.00000000e-003     0.00000000e+000 
       1783     5.00000000e-003     0.00000000e+000 
       1784     5.00000000e-003     0.00000000e+000 
       1785     5.00000000e-003     0.00000000e+000 
       1786     5.00000000e-003     0.00000000e+000 
       1787     5.00000000e-003     0.00000000e+000 
       1788     5.00000000e-003     0.00000000e+000 
       1789     5.00000000e-003     0.00000000e+000 
       1790     5.00000000e-003     0.00000000e+000 
       1791     6.00000000e-003     0.00000000e+000 
       1792     6.00000000e-003     0.00000000e+000 
       1793     6.00000000e-003     0.00000000e+000 
       1794     6.00000000e-003     0.00000000e+000 
       1795     6.00000000e-003     0.00000000e+000 
       1796     6.00000000e-003     0.00000000e+000 
       1797     7.00000000e-003     0.00000000e+000 
       1798     7.00000000e-003     0.00000000e+000 
       1799     7.00000000e-003     0.00000000e+000 
       1800     8.00000000e-003     0.00000000e+000 
       1801     8.00000000e-003     0.00000000e+000 
       1802     1.00000000e-002     0.00000000e+000 
       1803     9.00000000e-003     0.00000000e+000 
       1804     9.00000000e-003     0.00000000e+000 
       1805     9.00000000e-003     0.00000000e+000 
       1806     1.00000000e-002     0.00000000e+000 
       1807     1.00000000e-002     0.00000000e+000 
       1808     1.00000000e-002     0.00000000e+000 
       1809     1.00000000e-002     0.00000000e+000 
       1810     1.00000000e-002     0.00000000e+000 
       1811     1.10000000e-002     0.00000000e+000 
       1812     1.10000000e-002     0.00000000e+000 
       1813     1.10000000e-002     0.00000000e+000 
       1814     1.10000000e-002     0.00000000e+000 
       1815     1.20000000e-002     0.00000000e+000 
       1816     1.30000000e-002     0.00000000e+000 
       1817     1.40000000e-002     0.00000000e+000 
       1818     1.40000000e-002     0.00000000e+000 
       1819     1.40000000e-002     0.00000000e+000 
       1820     1.40000000e-002     0.00000000e+000 
       1821     1.40000000e-002     0.00000000e+000 
       1822     1.50000000e-002     0.00000000e+000 
       1823     1.60000000e-002     0.00000000e+000 
       1824     1.60000000e-002     0.00000000e+000 
       1825     1.70000000e-002     0.00000000e+000 
       1826     1.70000000e-002     0.00000000e+000 
       1827     1.80000000e-002     0.00000000e+000 
       1828     1.80000000e-002     0.00000000e+000 
       1829     1.80000000e-002     0.00000000e+000 
       1830     2.40000000e-002     0.00000000e+000 
       1831     2.30000000e-002     0.00000000e+000 
       1832     2.30000000e-002     0.00000000e+000 
       1833     2.40000000e-002     0.00000000e+000 
       1834     2.40000000e-002     0.00000000e+000 
       1835     2.50000000e-002     0.00000000e+000 
       1836     2.90000000e-002     0.00000000e+000 
       1837     2.90000000e-002     0.00000000e+000 
       1838     3.00000000e-002     0.00000000e+000 
       1839     3.10000000e-002     0.00000000e+000 
       1840     3.30000000e-002     0.00000000e+000 
       1841     3.40000000e-002     0.00000000e+000 
       1842     3.60000000e-002     0.00000000e+000 
       1843     3.70000000e-002     0.00000000e+000 
       1844     3.90000000e-002     0.00000000e+000 
       1845     4.30000000e-002     0.00000000e+000 
       1846     4.30000000e-002     0.00000000e+000 
       1847     4.60000000e-002     0.00000000e+000 
       1848     4.70000000e-002     0.00000000e+000 
       1849     5.00000000e-002     0.00000000e+000 
       1850     5.40000000e-002     0.00000000e+000 
       1851     5.40000000e-002     0.00000000e+000 
       1852     5.70000000e-002     0.00000000e+000 
       1853     5.90000000e-002     0.00000000e+000 
       1854     6.90000000e-002     0.00000000e+000 
       1855     7.10000000e-002     0.00000000e+000 
       1856     7.60000000e-002     0.00000000e+000 
       1857     7.70000000e-002     0.00000000e+000 
       1858     7.80000000e-002     0.00000000e+000 
       1859     8.30000000e-002     0.00000000e+000 
       1860     9.09233761e-002     7.66239378e-005 
       1861     9.48608828e-002     1.39117151e-004 
       1862     9.69026457e-002     9.73542893e-005 
       1863     1.03890098e-001     1.09902468e-004 
       1864     1.11926424e-001     7.35761274e-005 
       1865     1.18884031e-001     1.15968680e-004 
       1866     1.21809588e-001     1.90412039e-004 
       1867     1.29756769e-001     2.43231016e-004 
       1868     1.34798422e-001     2.01578283e-004 
       1869     1.41825288e-001     1.74712094e-004 
       1870     1.46834136e-001     1.65863995e-004 
       1871     1.55809190e-001     1.90810251e-004 
       1872     1.72804695e-001     1.95305280e-004 
       1873     1.83759889e-001     2.40111003e-004 
       1874     1.73751341e-001     2.48659139e-004 
       1875     1.87769650e-001     2.30349688e-004 
       1876     1.90740724e-001     2.59276480e-004 
       1877     1.93704140e-001     2.95860345e-004 
       1878     1.95632056e-001     3.67944004e-004 
       1879     2.09454837e-001     5.45163403e-004 
       1880     2.35209141e-001     7.90858928e-004 
       1881     2.42311046e-001     6.88953923e-004 
       1882     2.55220202e-001     7.79797583e-004 
       1883     2.71080106e-001     9.19893699e-004 
       1884     2.73996882e-001     1.00311772e-003 
       1885     2.75882509e-001     1.11749063e-003 
       1886     2.79870853e-001     1.12914690e-003 
       1887     2.93517865e-001     1.48213472e-003 
       1888     3.25390677e-001     1.60932316e-003 
       1889     3.25180090e-001     1.81991033e-003 
       1890     3.54174472e-001     1.82552774e-003 
       1891     3.70138150e-001     1.86184982e-003 
       1892     3.71881402e-001     2.11859781e-003 
       1893     3.67456463e-001     2.54353666e-003 
       1894     3.80017270e-001     2.98273036e-003 
       1895     4.02407478e-001     3.59252173e-003 
       1896     4.15103410e-001     3.89659026e-003 
       1897     4.35758043e-001     4.24195725e-003 
       1898     4.60021256e-001     4.97874382e-003 
       1899     5.01984340e-001     5.01566034e-003 
       1900     5.28720250e-001     5.27975015e-003 
       1901     5.44878474e-001     7.12152629e-003 
       1902     5.58126316e-001     7.87368421e-003 
       1903     6.08113012e-001     8.88698794e-003 
       1904     6.14425532e-001     9.57446788e-003 
       1905     6.52535745e-001     1.04642546e-002 
       1906     6.94314426e-001     1.26855744e-002 
       1907     7.70581987e-001     1.34180125e-002 
       1908     7.35755981e-001     1.42440193e-002 
       1909     7.70888663e-001     1.41113372e-002 
       1910     8.02334086e-001     1.66659140e-002 
       1911     8.18387969e-001     1.76120312e-002 
       1912     8.60498000e-001     1.85020000e-002 
       1913     9.23593797e-001     1.94062031e-002 
       1914     8.31075224e-001     1.89247756e-002 
       1915     8.20394452e-001     1.76055476e-002 
       1916     8.83324313e-001     1.76756873e-002 
       1917     9.36864738e-001     1.81352624e-002 
       1918     9.17740118e-001     1.82598824e-002 
       1919     7.87433757e-001     1.85662425e-002 
       1920     9.10778546e-001     2.12214545e-002 
       1921     7.82710164e-001     2.02898365e-002 
       1922     8.25124280e-001     1.98757200e-002 
       1923     9.47604225e-001     2.23957753e-002 
       1924     9.38174422e-001     2.48255779e-002 
       1925     9.48892553e-001     2.61074471e-002 
       1926     9.55944185e-001     2.70558149e-002 
       1927     1.03340547e+000     2.85945319e-002 
       1928     1.03633503e+000     2.86649656e-002 
       1929     1.11563633e+000     2.93636680e-002 
       1930     1.02561781e+000     2.73821874e-002 
       1931     9.15692090e-001     2.43079100e-002 
       1932     8.24615368e-001     2.23846324e-002 
       1933     8.67331266e-001     2.56687335e-002 
       1934     9.45393739e-001     2.76062609e-002 
       1935     9.97302773e-001     2.96972272e-002 
       1936     1.09799388e+000     3.20061165e-002 
       1937     1.17353528e+000     3.54647230e-002 
       1938     1.10562813e+000     3.63718729e-002 
       1939     1.15344094e+000     3.85590614e-002 
       1940     1.25928494e+000     3.97150561e-002 
       1941     1.28924068e+000     4.47593160e-002 
       1942     1.29919135e+000     4.28086536e-002 
       1943     1.34561569e+000     4.53843061e-002 
       1944     1.33706862e+000     4.59313776e-002 
       1945     1.11741182e+000     4.25881806e-002 
       1946     1.19647818e+000     4.15218186e-002 
       1947     1.34691915e+000     4.50808460e-002 
       1948     1.42297070e+000     4.60292974e-002 
       1949     1.37087373e+000     4.81262682e-002 
       1950     1.56947221e+000     6.05277927e-002 
       1951     1.70082270e+000     6.61773023e-002 
       1952     1.72283528e+000     7.21647190e-002 
       1953     1.76913752e+000     7.18624840e-002 
       1954     1.78718163e+000     7.78183662e-002 
       1955     1.95690448e+000     8.60955176e-002 
       1956     2.08577360e+000     9.12264035e-002 
       1957     2.17499338e+000     9.50066248e-002 
       1958     2.23286542e+000     9.71345827e-002 
       1959     2.36152213e+000     1.00477865e-001 
       1960     2.47269788e+000     1.04302123e-001 
       1961     2.48398316e+000     1.10016840e-001 
       1962     2.58452774e+000     1.15472259e-001 
       1963     2.73030645e+000     1.16693545e-001 
       1964     2.88162547e+000     1.26374526e-001 
       1965     3.00968788e+000     1.35312120e-001 
       1966     3.16494324e+000     1.40056764e-001 
       1967     3.26482342e+000     1.46176581e-001 
       1968     3.43311393e+000     1.55886067e-001 
       1969     3.63498932e+000     1.66010682e-001 
       1970     3.89994707e+000     1.76052934e-001 
       1971     4.04132951e+000     1.89670492e-001 
       1972     4.20055530e+000     1.98444699e-001 
       1973     4.42596092e+000     2.09039082e-001 
       1974     4.42733398e+000     2.16666023e-001 
       1975     4.39592739e+000     2.20072614e-001 
       1976     4.64990966e+000     2.35090344e-001 
       1977     4.78224240e+000     2.47757596e-001 
       1978     4.84658088e+000     2.50419123e-001 
       1979     5.12070811e+000     2.70291887e-001 
       1980     5.04969582e+000     2.74304177e-001 
       1981     4.87745972e+000     2.77540285e-001 
       1982     4.82925317e+000     2.81746827e-001 
       1983     4.81903316e+000     2.77966841e-001 
       1984     4.98405702e+000     2.88942975e-001 
       1985     5.13816142e+000     2.92838579e-001 
       1986     5.29044171e+000     3.07558285e-001 
       1987     5.41213622e+000     3.17863784e-001 
       1988     5.62704678e+000     3.26953219e-001 
       1989     5.73209194e+000     3.34908057e-001 
       1990     5.78468608e+000     3.51313919e-001 
       1991     5.87919713e+000     3.51802875e-001 
       1992     5.74169692e+000     3.62303080e-001 
       1993     5.72753878e+000     3.72461221e-001 
       1994     5.83896543e+000     3.90034567e-001 
       1995     5.99906552e+000     4.03934476e-001 
       1996     6.10677014e+000     4.39229862e-001 
       1997     6.22919495e+000     4.53805048e-001 
       1998     6.22092013e+000     4.52079872e-001 
       1999     6.05386859e+000     4.58131410e-001 
       2000     6.20403698e+000     4.63963018e-001 
       2001     6.35707349e+000     4.81926513e-001 
       2002     6.47918761e+000     4.95812385e-001 
