
__MAGICC 5.X DATA FILE__

Data: Optical Thickness
Gas: NOXB
Unit:  Normalized to 1 in year 2000
Description: the land/ocean ratio of optical depth of NOXB is scaled with the hemispheric EDGAR NOXB emissions. NOXB opt. depth as available on http://www.giss.nasa.gov/data/simodel/trop.aer/
Source: Mixed: EDGAR: www.mnp.nl; NASA-GISS: http://data.giss.nasa.gov/
Compiled by: Malte Meinshausen, Lauder NZ, NCAR/PIK, malte.meinshausen@gmail.com
Date: 18-Jul-2006 11:02:48

&THISFILE_SPECIFICATIONS
 THISFILE_DATACOLUMNS    =    4  ,
 THISFILE_FIRSTYEAR      = 1765  ,
 THISFILE_LASTYEAR       = 2000  ,
 THISFILE_ANNUALSTEPS    =    1  ,
 THISFILE_FIRSTDATAROW   =   21  ,
/

       YEARS    OT-NO               OT-NL               OT-SO               OT-SL
       1765     3.78284760e-001     9.24338582e-001     1.15242052e-001     4.17537959e-001
       1766     3.91479529e-001     9.56579993e-001     1.15247194e-001     4.17556589e-001
       1767     4.04363848e-001     9.88062819e-001     1.15263135e-001     4.17614345e-001
       1768     4.16941412e-001     1.01879609e+000     1.15290647e-001     4.17714025e-001
       1769     4.29215917e-001     1.04878883e+000     1.15330502e-001     4.17858424e-001
       1770     4.41191059e-001     1.07805009e+000     1.15383472e-001     4.18050341e-001
       1771     4.52870534e-001     1.10658888e+000     1.15450328e-001     4.18292572e-001
       1772     4.64258037e-001     1.13441423e+000     1.15531844e-001     4.18587915e-001
       1773     4.75357265e-001     1.16153519e+000     1.15628791e-001     4.18939166e-001
       1774     4.86171912e-001     1.18796077e+000     1.15741941e-001     4.19349123e-001
       1775     4.96705676e-001     1.21370002e+000     1.15872065e-001     4.19820584e-001
       1776     5.06962252e-001     1.23876196e+000     1.16019937e-001     4.20356345e-001
       1777     5.16945335e-001     1.26315561e+000     1.16186329e-001     4.20959203e-001
       1778     5.26658622e-001     1.28689002e+000     1.16372011e-001     4.21631955e-001
       1779     5.36105809e-001     1.30997422e+000     1.16577756e-001     4.22377400e-001
       1780     5.45290590e-001     1.33241723e+000     1.16804337e-001     4.23198333e-001
       1781     5.54216663e-001     1.35422808e+000     1.17052525e-001     4.24097552e-001
       1782     5.62887723e-001     1.37541581e+000     1.17323092e-001     4.25077854e-001
       1783     5.71307465e-001     1.39598945e+000     1.17616810e-001     4.26142037e-001
       1784     5.79479587e-001     1.41595802e+000     1.17934452e-001     4.27292897e-001
       1785     5.87407782e-001     1.43533056e+000     1.18276789e-001     4.28533232e-001
       1786     5.95095748e-001     1.45411610e+000     1.18644594e-001     4.29865838e-001
       1787     6.02547180e-001     1.47232367e+000     1.19038637e-001     4.31293514e-001
       1788     6.09765774e-001     1.48996230e+000     1.19459693e-001     4.32819055e-001
       1789     6.16755226e-001     1.50704102e+000     1.19908531e-001     4.34445260e-001
       1790     6.23519232e-001     1.52356887e+000     1.20385926e-001     4.36174926e-001
       1791     6.30061487e-001     1.53955486e+000     1.20892647e-001     4.38010849e-001
       1792     6.36385687e-001     1.55500804e+000     1.21429468e-001     4.39955826e-001
       1793     6.42495529e-001     1.56993744e+000     1.21997161e-001     4.42012656e-001
       1794     6.48394708e-001     1.58435208e+000     1.22596497e-001     4.44184134e-001
       1795     6.54086920e-001     1.59826099e+000     1.23228249e-001     4.46473059e-001
       1796     6.59575860e-001     1.61167321e+000     1.23893189e-001     4.48882228e-001
       1797     6.64865225e-001     1.62459777e+000     1.24592088e-001     4.51414436e-001
       1798     6.69958710e-001     1.63704370e+000     1.25325719e-001     4.54072483e-001
       1799     6.74860012e-001     1.64902003e+000     1.26094853e-001     4.56859164e-001
       1800     6.79572825e-001     1.66053579e+000     1.26900264e-001     4.59777277e-001
       1801     6.84100847e-001     1.67160001e+000     1.27742722e-001     4.62829620e-001
       1802     6.88447772e-001     1.68222171e+000     1.28622999e-001     4.66018988e-001
       1803     6.92617297e-001     1.69240995e+000     1.29541869e-001     4.69348180e-001
       1804     6.96613118e-001     1.70217373e+000     1.30500102e-001     4.72819993e-001
       1805     7.00438930e-001     1.71152210e+000     1.31498472e-001     4.76437224e-001
       1806     7.04098429e-001     1.72046408e+000     1.32537749e-001     4.80202669e-001
       1807     7.07595310e-001     1.72900871e+000     1.33618706e-001     4.84119127e-001
       1808     7.10933271e-001     1.73716502e+000     1.34742115e-001     4.88189394e-001
       1809     7.14116006e-001     1.74494203e+000     1.35908748e-001     4.92416267e-001
       1810     7.17147212e-001     1.75234878e+000     1.37119377e-001     4.96802544e-001
       1811     7.20030585e-001     1.75939430e+000     1.38374774e-001     5.01351022e-001
       1812     7.22769819e-001     1.76608761e+000     1.39675711e-001     5.06064497e-001
       1813     7.25368611e-001     1.77243776e+000     1.41022960e-001     5.10945768e-001
       1814     7.27830658e-001     1.77845377e+000     1.42417293e-001     5.15997631e-001
       1815     7.30159654e-001     1.78414467e+000     1.43859483e-001     5.21222883e-001
       1816     7.32359295e-001     1.78951949e+000     1.45350300e-001     5.26624322e-001
       1817     7.34433278e-001     1.79458727e+000     1.46890518e-001     5.32204744e-001
       1818     7.36385298e-001     1.79935703e+000     1.48480908e-001     5.37966947e-001
       1819     7.38219052e-001     1.80383781e+000     1.50122242e-001     5.43913728e-001
       1820     7.39938234e-001     1.80803863e+000     1.51815292e-001     5.50047885e-001
       1821     7.41546541e-001     1.81196852e+000     1.53560830e-001     5.56372213e-001
       1822     7.43047668e-001     1.81563653e+000     1.55359629e-001     5.62889511e-001
       1823     7.44445312e-001     1.81905167e+000     1.57212460e-001     5.69602576e-001
       1824     7.45743169e-001     1.82222298e+000     1.59120096e-001     5.76514204e-001
       1825     7.46944933e-001     1.82515949e+000     1.61083308e-001     5.83627194e-001
       1826     7.48054301e-001     1.82787023e+000     1.63102868e-001     5.90944341e-001
       1827     7.49074970e-001     1.83036423e+000     1.65179549e-001     5.98468444e-001
       1828     7.50010633e-001     1.83265053e+000     1.67314122e-001     6.06202299e-001
       1829     7.50864989e-001     1.83473815e+000     1.69507360e-001     6.14148704e-001
       1830     7.51641731e-001     1.83663612e+000     1.71760034e-001     6.22310455e-001
       1831     7.52344557e-001     1.83835347e+000     1.74072917e-001     6.30690350e-001
       1832     7.52977162e-001     1.83989924e+000     1.76446780e-001     6.39291187e-001
       1833     7.53543242e-001     1.84128245e+000     1.78882396e-001     6.48115761e-001
       1834     7.54046492e-001     1.84251215e+000     1.81380536e-001     6.57166871e-001
       1835     7.54490609e-001     1.84359735e+000     1.83941974e-001     6.66447314e-001
       1836     7.54879288e-001     1.84454708e+000     1.86567479e-001     6.75959886e-001
       1837     7.55216226e-001     1.84537039e+000     1.89257826e-001     6.85707384e-001
       1838     7.55505118e-001     1.84607630e+000     1.92013785e-001     6.95692607e-001
       1839     7.55749659e-001     1.84667383e+000     1.94836129e-001     7.05918351e-001
       1840     7.55953546e-001     1.84717203e+000     1.97725630e-001     7.16387414e-001
       1841     7.56120475e-001     1.84757992e+000     2.00683059e-001     7.27102591e-001
       1842     7.56254141e-001     1.84790654e+000     2.03709189e-001     7.38066682e-001
       1843     7.56358241e-001     1.84816090e+000     2.06804793e-001     7.49282482e-001
       1844     7.56436470e-001     1.84835206e+000     2.09970641e-001     7.60752789e-001
       1845     7.56492523e-001     1.84848902e+000     2.13207505e-001     7.72480400e-001
       1846     7.56530098e-001     1.84858084e+000     2.16516159e-001     7.84468112e-001
       1847     7.56552889e-001     1.84863653e+000     2.19897374e-001     7.96718723e-001
       1848     7.56564592e-001     1.84866512e+000     2.23351922e-001     8.09235029e-001
       1849     7.56568904e-001     1.84867566e+000     2.26880575e-001     8.22019828e-001
       1850     7.56569520e-001     1.84867716e+000     2.30484104e-001     8.35075917e-001
       1851     7.43551036e-001     1.81686651e+000     2.56060017e-001     9.27740999e-001
       1852     8.28018384e-001     2.02326242e+000     2.59971627e-001     9.41913306e-001
       1853     8.24794323e-001     2.01538443e+000     2.62378772e-001     9.50634725e-001
       1854     8.20943786e-001     2.00597564e+000     2.64785916e-001     9.59356145e-001
       1855     8.16405652e-001     1.99488672e+000     2.66290382e-001     9.64807032e-001
       1856     8.24274806e-001     2.01411499e+000     2.67193061e-001     9.68077564e-001
       1857     8.32296759e-001     2.03371663e+000     2.67794847e-001     9.70257919e-001
       1858     8.40181194e-001     2.05298224e+000     2.68095740e-001     9.71348097e-001
       1859     8.48080908e-001     2.07228518e+000     2.68697526e-001     9.73528452e-001
       1860     8.55950062e-001     2.09151346e+000     2.68998420e-001     9.74618629e-001
       1861     8.72207887e-001     2.13123944e+000     3.03902018e-001     1.10107921e+000
       1862     7.82132811e-001     1.91114105e+000     3.11725238e-001     1.12942383e+000
       1863     7.81628574e-001     1.90990895e+000     3.19247565e-001     1.15667826e+000
       1864     7.81460495e-001     1.90949825e+000     3.26168106e-001     1.18175234e+000
       1865     7.81506335e-001     1.90961026e+000     3.32486861e-001     1.20464607e+000
       1866     7.81124337e-001     1.90867684e+000     3.37902936e-001     1.22426926e+000
       1867     7.78053075e-001     1.90117222e+000     3.43018119e-001     1.24280228e+000
       1868     7.74706774e-001     1.89299553e+000     3.47531515e-001     1.25915494e+000
       1869     7.71436873e-001     1.88500553e+000     3.52345805e-001     1.27659778e+000
       1870     7.68732329e-001     1.87839698e+000     3.56558308e-001     1.29186026e+000
       1871     7.88855972e-001     1.92756909e+000     5.57554890e-001     2.02009879e+000
       1872     9.16886348e-001     2.24041123e+000     6.19839759e-001     2.24576552e+000
       1873     9.29064437e-001     2.27016839e+000     6.72496049e-001     2.43654657e+000
       1874     9.36398794e-001     2.28808989e+000     6.92956779e-001     2.51067864e+000
       1875     9.45138903e-001     2.30944634e+000     7.09505899e-001     2.57063840e+000
       1876     9.53237256e-001     2.32923466e+000     7.56445220e-001     2.74070608e+000
       1877     9.60923051e-001     2.34801489e+000     7.73897019e-001     2.80393637e+000
       1878     9.68578287e-001     2.36672046e+000     7.88339887e-001     2.85626489e+000
       1879     9.75989044e-001     2.38482864e+000     8.00977397e-001     2.90205234e+000
       1880     9.83751239e-001     2.40379556e+000     8.12712227e-001     2.94456926e+000
       1881     1.03500006e+000     2.52902202e+000     8.22942592e-001     2.98163529e+000
       1882     9.61656487e-001     2.34980704e+000     8.32571171e-001     3.01652097e+000
       1883     9.65430625e-001     2.35902915e+000     8.42500643e-001     3.05249682e+000
       1884     9.67325334e-001     2.36365887e+000     8.52430115e-001     3.08847268e+000
       1885     9.68807486e-001     2.36728050e+000     8.62058694e-001     3.12335836e+000
       1886     9.67783732e-001     2.36477896e+000     9.10201587e-001     3.29778675e+000
       1887     9.64712469e-001     2.35727433e+000     9.24945349e-001     3.35120544e+000
       1888     9.60571613e-001     2.34715616e+000     9.38184645e-001     3.39917325e+000
       1889     9.57836509e-001     2.34047293e+000     9.49016796e-001     3.43841964e+000
       1890     9.54979166e-001     2.33349101e+000     9.59247161e-001     3.47548567e+000
       1891     9.55723860e-001     2.33531067e+000     9.65521113e-001     3.49821707e+000
       1892     9.57807390e-001     2.34040178e+000     9.70888175e-001     3.51766268e+000
       1893     9.61003930e-001     2.34821252e+000     9.75521357e-001     3.53444934e+000
       1894     9.65087653e-001     2.35819109e+000     9.79593672e-001     3.54920391e+000
       1895     9.69832730e-001     2.36978569e+000     9.83278130e-001     3.56255321e+000
       1896     9.75013335e-001     2.38244449e+000     9.86747745e-001     3.57512411e+000
       1897     9.80403642e-001     2.39561570e+000     9.90175526e-001     3.58754343e+000
       1898     9.85777822e-001     2.40874751e+000     9.93734487e-001     3.60043804e+000
       1899     9.90910048e-001     2.42128810e+000     9.97597639e-001     3.61443478e+000
       1900     9.95574495e-001     2.43268567e+000     1.00193799e+000     3.63016048e+000
       1901     9.99975184e-001     2.44343876e+000     1.00663128e+000     3.64716490e+000
       1902     1.00446172e+000     2.45440160e+000     1.01143211e+000     3.66455899e+000
       1903     1.00902664e+000     2.46555599e+000     1.01633184e+000     3.68231138e+000
       1904     1.01366250e+000     2.47688370e+000     1.02132181e+000     3.70039074e+000
       1905     1.01836183e+000     2.48836650e+000     1.02639337e+000     3.71876570e+000
       1906     1.02311717e+000     2.49998618e+000     1.03153786e+000     3.73740493e+000
       1907     1.02792107e+000     2.51172451e+000     1.03674665e+000     3.75627706e+000
       1908     1.03276607e+000     2.52356328e+000     1.04201106e+000     3.77535076e+000
       1909     1.03764472e+000     2.53548425e+000     1.04732245e+000     3.79459466e+000
       1910     1.04254955e+000     2.54746920e+000     1.05267216e+000     3.81397741e+000
       1911     1.04749256e+000     2.55954744e+000     1.05811807e+000     3.83370869e+000
       1912     1.05248908e+000     2.57175644e+000     1.06370288e+000     3.85394324e+000
       1913     1.05753668e+000     2.58409024e+000     1.06939521e+000     3.87456736e+000
       1914     1.06263292e+000     2.59654290e+000     1.07516369e+000     3.89546734e+000
       1915     1.06777536e+000     2.60910846e+000     1.08097691e+000     3.91652947e+000
       1916     1.07296157e+000     2.62178095e+000     1.08680351e+000     3.93764005e+000
       1917     1.07818911e+000     2.63455444e+000     1.09261210e+000     3.95868536e+000
       1918     1.08345554e+000     2.64742295e+000     1.09837129e+000     3.97955170e+000
       1919     1.08875842e+000     2.66038054e+000     1.10404969e+000     4.00012536e+000
       1920     1.09409532e+000     2.67342125e+000     1.10961594e+000     4.02029262e+000
       1921     1.09945751e+000     2.68652376e+000     1.11511009e+000     4.04019871e+000
       1922     1.10484337e+000     2.69968411e+000     1.12058754e+000     4.06004427e+000
       1923     1.11026115e+000     2.71292244e+000     1.12603986e+000     4.07979879e+000
       1924     1.11571906e+000     2.72625885e+000     1.13145863e+000     4.09943174e+000
       1925     1.12122535e+000     2.73971345e+000     1.13683542e+000     4.11891260e+000
       1926     1.12678824e+000     2.75330637e+000     1.14216181e+000     4.13821084e+000
       1927     1.13241596e+000     2.76705772e+000     1.14742937e+000     4.15729595e+000
       1928     1.13811676e+000     2.78098762e+000     1.15262968e+000     4.17613739e+000
       1929     1.14389886e+000     2.79511618e+000     1.15775431e+000     4.19470464e+000
       1930     1.14977049e+000     2.80946351e+000     1.16279484e+000     4.21296719e+000
       1931     1.15554021e+000     2.82356180e+000     1.16775032e+000     4.23092157e+000
       1932     1.16109521e+000     2.83713545e+000     1.17263059e+000     4.24860347e+000
       1933     1.16656172e+000     2.85049287e+000     1.17744342e+000     4.26604102e+000
       1934     1.17206597e+000     2.86394249e+000     1.18219658e+000     4.28326238e+000
       1935     1.17773417e+000     2.87779274e+000     1.18689784e+000     4.30029570e+000
       1936     1.18369255e+000     2.89235203e+000     1.19155497e+000     4.31716912e+000
       1937     1.19006733e+000     2.90792881e+000     1.19617573e+000     4.33391080e+000
       1938     1.19698474e+000     2.92483148e+000     1.20076791e+000     4.35054888e+000
       1939     1.20457099e+000     2.94336848e+000     1.20533926e+000     4.36711152e+000
       1940     1.21295230e+000     2.96384822e+000     1.20989756e+000     4.38362686e+000
       1941     1.22306900e+000     2.98856835e+000     1.21428303e+000     4.39951605e+000
       1942     1.23545848e+000     3.01884205e+000     1.21839931e+000     4.41442991e+000
       1943     1.24964266e+000     3.05350107e+000     1.22234926e+000     4.42874112e+000
       1944     1.26514342e+000     3.09137719e+000     1.22623574e+000     4.44282237e+000
       1945     1.28148268e+000     3.13130214e+000     1.23016161e+000     4.45704633e+000
       1946     1.29818232e+000     3.17210770e+000     1.23422973e+000     4.47178569e+000
       1947     1.31476424e+000     3.21262562e+000     1.23854296e+000     4.48741313e+000
       1948     1.33075034e+000     3.25168765e+000     1.24320417e+000     4.50430133e+000
       1949     1.34566252e+000     3.28812556e+000     1.24831621e+000     4.52282298e+000
       1950     1.35902268e+000     3.32077111e+000     1.25398195e+000     4.54335075e+000
       1951     1.37066520e+000     3.34921959e+000     1.26048254e+000     4.56690329e+000
       1952     1.38101908e+000     3.37451929e+000     1.26794451e+000     4.59393902e+000
       1953     1.39049818e+000     3.39768146e+000     1.27623875e+000     4.62399022e+000
       1954     1.39951633e+000     3.41971731e+000     1.28523619e+000     4.65658920e+000
       1955     1.40848739e+000     3.44163809e+000     1.29480774e+000     4.69126824e+000
       1956     1.41782520e+000     3.46445502e+000     1.30482431e+000     4.72755966e+000
       1957     1.42794361e+000     3.48917935e+000     1.31515681e+000     4.76499575e+000
       1958     1.43925646e+000     3.51682230e+000     1.32567615e+000     4.80310880e+000
       1959     1.45217761e+000     3.54839510e+000     1.33625326e+000     4.84143112e+000
       1960     1.46712089e+000     3.58490900e+000     1.34675903e+000     4.87949500e+000
       1961     1.48613362e+000     3.63136661e+000     1.35742579e+000     4.91814215e+000
       1962     1.51037280e+000     3.69059502e+000     1.36853091e+000     4.95837754e+000
       1963     1.53891674e+000     3.76034213e+000     1.38001290e+000     4.99997838e+000
       1964     1.57084379e+000     3.83835584e+000     1.39181028e+000     5.04272190e+000
       1965     1.60523227e+000     3.92238407e+000     1.40386154e+000     5.08638530e+000
       1966     1.64116051e+000     4.01017471e+000     1.41610520e+000     5.13074580e+000
       1967     1.67770685e+000     4.09947567e+000     1.42847978e+000     5.17558060e+000
       1968     1.71394962e+000     4.18803486e+000     1.44092377e+000     5.22066692e+000
       1969     1.74896715e+000     4.27360018e+000     1.45337570e+000     5.26578198e+000
       1970     1.78183778e+000     4.35391954e+000     1.46577406e+000     5.31070298e+000
       1971     1.81377620e+000     4.43196106e+000     1.47826093e+000     5.35594463e+000
       1972     1.84641307e+000     4.51170921e+000     1.49098056e+000     5.40202960e+000
       1973     1.87945060e+000     4.59243640e+000     1.50387475e+000     5.44874706e+000
       1974     1.91259105e+000     4.67341506e+000     1.51688532e+000     5.49588616e+000
       1975     1.94553664e+000     4.75391760e+000     1.52995407e+000     5.54323606e+000
       1976     1.97798962e+000     4.83321643e+000     1.54302281e+000     5.59058592e+000
       1977     2.00965222e+000     4.91058398e+000     1.55603335e+000     5.63772490e+000
       1978     2.04022667e+000     4.98529264e+000     1.56892749e+000     5.68444216e+000
       1979     2.06941523e+000     5.05661485e+000     1.58164704e+000     5.73052686e+000
       1980     2.09692011e+000     5.12382302e+000     1.59413381e+000     5.77576816e+000
       1981     2.12196815e+000     5.18502789e+000     1.60747047e+000     5.82408873e+000
       1982     2.14449821e+000     5.24008007e+000     1.62232042e+000     5.87789216e+000
       1983     2.16528058e+000     5.29086178e+000     1.63799656e+000     5.93468901e+000
       1984     2.18508556e+000     5.33925525e+000     1.65381180e+000     5.99198983e+000
       1985     2.20468345e+000     5.38714269e+000     1.66907905e+000     6.04730516e+000
       1986     2.22484455e+000     5.43640632e+000     1.68311119e+000     6.09814557e+000
       1987     2.24633916e+000     5.48892836e+000     1.69522114e+000     6.14202159e+000
       1988     2.26993756e+000     5.54659104e+000     1.70472179e+000     6.17644378e+000
       1989     2.29641005e+000     5.61127657e+000     1.71092606e+000     6.19892269e+000
       1990     2.32652694e+000     5.68486718e+000     1.71314683e+000     6.20696887e+000
       1991     2.36084374e+000     5.76872025e+000     1.71179181e+000     6.20205945e+000
       1992     2.40033643e+000     5.86522062e+000     1.70856062e+000     6.19035238e+000
       1993     2.44640605e+000     5.97779170e+000     1.70470403e+000     6.17637942e+000
       1994     2.50045361e+000     6.10985688e+000     1.70147283e+000     6.16467235e+000
       1995     2.56388013e+000     6.26483956e+000     1.70011781e+000     6.15976293e+000
       1996     2.64615553e+000     6.46587944e+000     1.77170923e+000     6.41914859e+000
       1997     2.75311000e+000     6.72722262e+000     1.96617771e+000     7.12373486e+000
       1998     2.88068502e+000     7.03895209e+000     2.25306455e+000     8.16316573e+000
       1999     3.02482204e+000     7.39115083e+000     2.60191107e+000     9.42708514e+000
       2000     3.18146255e+000     7.77390181e+000     2.98225860e+000     1.08051371e+001
