
__MAGICC 5.X DATA FILE__

Data: Optical Thickness
Gas: NOXI
Unit:  Normalized to 1 in year 2000
Description: the land/ocean ratio of optical depth of NOXI is scaled with the hemispheric EDGAR NOXI emissions. NOXI opt. depth as available on http://www.giss.nasa.gov/data/simodel/trop.aer/
Source: Mixed: EDGAR: www.mnp.nl; NASA-GISS: http://data.giss.nasa.gov/
Compiled by: Malte Meinshausen, Lauder NZ, NCAR/PIK, malte.meinshausen@gmail.com
Date: 18-Jul-2006 11:02:48

&THISFILE_SPECIFICATIONS
 THISFILE_DATACOLUMNS    =    4  ,
 THISFILE_FIRSTYEAR      = 1765  ,
 THISFILE_LASTYEAR       = 2000  ,
 THISFILE_ANNUALSTEPS    =    1  ,
 THISFILE_FIRSTDATAROW   =   21  ,
/

       YEARS    OT-NO               OT-NL               OT-SO               OT-SL
       1765     6.68115649e-003     1.32768488e-002     0.00000000e+000     0.00000000e+000
       1766     6.68115649e-003     1.32768488e-002     0.00000000e+000     0.00000000e+000
       1767     6.68115649e-003     1.32768488e-002     0.00000000e+000     0.00000000e+000
       1768     6.68115649e-003     1.32768488e-002     0.00000000e+000     0.00000000e+000
       1769     6.68115649e-003     1.32768488e-002     0.00000000e+000     0.00000000e+000
       1770     6.68115649e-003     1.32768488e-002     0.00000000e+000     0.00000000e+000
       1771     8.90820865e-003     1.77024651e-002     0.00000000e+000     0.00000000e+000
       1772     8.90820865e-003     1.77024651e-002     0.00000000e+000     0.00000000e+000
       1773     8.90820865e-003     1.77024651e-002     0.00000000e+000     0.00000000e+000
       1774     8.90820865e-003     1.77024651e-002     0.00000000e+000     0.00000000e+000
       1775     8.90820865e-003     1.77024651e-002     0.00000000e+000     0.00000000e+000
       1776     8.90820865e-003     1.77024651e-002     0.00000000e+000     0.00000000e+000
       1777     8.90820865e-003     1.77024651e-002     0.00000000e+000     0.00000000e+000
       1778     8.90820865e-003     1.77024651e-002     0.00000000e+000     0.00000000e+000
       1779     8.90820865e-003     1.77024651e-002     0.00000000e+000     0.00000000e+000
       1780     8.90820865e-003     1.77024651e-002     0.00000000e+000     0.00000000e+000
       1781     1.11352608e-002     2.21280814e-002     0.00000000e+000     0.00000000e+000
       1782     1.11352608e-002     2.21280814e-002     0.00000000e+000     0.00000000e+000
       1783     1.11352608e-002     2.21280814e-002     0.00000000e+000     0.00000000e+000
       1784     1.11352608e-002     2.21280814e-002     0.00000000e+000     0.00000000e+000
       1785     1.11352608e-002     2.21280814e-002     0.00000000e+000     0.00000000e+000
       1786     1.11352608e-002     2.21280814e-002     0.00000000e+000     0.00000000e+000
       1787     1.11352608e-002     2.21280814e-002     0.00000000e+000     0.00000000e+000
       1788     1.11352608e-002     2.21280814e-002     0.00000000e+000     0.00000000e+000
       1789     1.11352608e-002     2.21280814e-002     0.00000000e+000     0.00000000e+000
       1790     1.11352608e-002     2.21280814e-002     0.00000000e+000     0.00000000e+000
       1791     1.33623130e-002     2.65536976e-002     0.00000000e+000     0.00000000e+000
       1792     1.33623130e-002     2.65536976e-002     0.00000000e+000     0.00000000e+000
       1793     1.33623130e-002     2.65536976e-002     0.00000000e+000     0.00000000e+000
       1794     1.33623130e-002     2.65536976e-002     0.00000000e+000     0.00000000e+000
       1795     1.33623130e-002     2.65536976e-002     0.00000000e+000     0.00000000e+000
       1796     1.33623130e-002     2.65536976e-002     0.00000000e+000     0.00000000e+000
       1797     1.55893651e-002     3.09793139e-002     0.00000000e+000     0.00000000e+000
       1798     1.55893651e-002     3.09793139e-002     0.00000000e+000     0.00000000e+000
       1799     1.55893651e-002     3.09793139e-002     0.00000000e+000     0.00000000e+000
       1800     1.78164173e-002     3.54049302e-002     0.00000000e+000     0.00000000e+000
       1801     1.78164173e-002     3.54049302e-002     0.00000000e+000     0.00000000e+000
       1802     2.22705216e-002     4.42561627e-002     0.00000000e+000     0.00000000e+000
       1803     2.00434695e-002     3.98305465e-002     0.00000000e+000     0.00000000e+000
       1804     2.00434695e-002     3.98305465e-002     0.00000000e+000     0.00000000e+000
       1805     2.00434695e-002     3.98305465e-002     0.00000000e+000     0.00000000e+000
       1806     2.22705216e-002     4.42561627e-002     0.00000000e+000     0.00000000e+000
       1807     2.22705216e-002     4.42561627e-002     0.00000000e+000     0.00000000e+000
       1808     2.22705216e-002     4.42561627e-002     0.00000000e+000     0.00000000e+000
       1809     2.22705216e-002     4.42561627e-002     0.00000000e+000     0.00000000e+000
       1810     2.22705216e-002     4.42561627e-002     0.00000000e+000     0.00000000e+000
       1811     2.44975738e-002     4.86817790e-002     0.00000000e+000     0.00000000e+000
       1812     2.44975738e-002     4.86817790e-002     0.00000000e+000     0.00000000e+000
       1813     2.44975738e-002     4.86817790e-002     0.00000000e+000     0.00000000e+000
       1814     2.44975738e-002     4.86817790e-002     0.00000000e+000     0.00000000e+000
       1815     2.67246260e-002     5.31073953e-002     0.00000000e+000     0.00000000e+000
       1816     2.89516781e-002     5.75330116e-002     0.00000000e+000     0.00000000e+000
       1817     3.11787303e-002     6.19586278e-002     0.00000000e+000     0.00000000e+000
       1818     3.11787303e-002     6.19586278e-002     0.00000000e+000     0.00000000e+000
       1819     3.11787303e-002     6.19586278e-002     0.00000000e+000     0.00000000e+000
       1820     3.11787303e-002     6.19586278e-002     0.00000000e+000     0.00000000e+000
       1821     3.11787303e-002     6.19586278e-002     0.00000000e+000     0.00000000e+000
       1822     3.34057824e-002     6.63842441e-002     0.00000000e+000     0.00000000e+000
       1823     3.56328346e-002     7.08098604e-002     0.00000000e+000     0.00000000e+000
       1824     3.56328346e-002     7.08098604e-002     0.00000000e+000     0.00000000e+000
       1825     3.78598868e-002     7.52354767e-002     0.00000000e+000     0.00000000e+000
       1826     3.78598868e-002     7.52354767e-002     0.00000000e+000     0.00000000e+000
       1827     4.00869389e-002     7.96610929e-002     0.00000000e+000     0.00000000e+000
       1828     4.00869389e-002     7.96610929e-002     0.00000000e+000     0.00000000e+000
       1829     4.00869389e-002     7.96610929e-002     0.00000000e+000     0.00000000e+000
       1830     5.34492519e-002     1.06214791e-001     0.00000000e+000     0.00000000e+000
       1831     5.12221998e-002     1.01789174e-001     0.00000000e+000     0.00000000e+000
       1832     5.12221998e-002     1.01789174e-001     0.00000000e+000     0.00000000e+000
       1833     5.34492519e-002     1.06214791e-001     0.00000000e+000     0.00000000e+000
       1834     5.34492519e-002     1.06214791e-001     0.00000000e+000     0.00000000e+000
       1835     5.56763041e-002     1.10640407e-001     0.00000000e+000     0.00000000e+000
       1836     6.45845127e-002     1.28342872e-001     0.00000000e+000     0.00000000e+000
       1837     6.45845127e-002     1.28342872e-001     0.00000000e+000     0.00000000e+000
       1838     6.68115649e-002     1.32768488e-001     0.00000000e+000     0.00000000e+000
       1839     6.90386171e-002     1.37194104e-001     0.00000000e+000     0.00000000e+000
       1840     7.34927214e-002     1.46045337e-001     0.00000000e+000     0.00000000e+000
       1841     7.57197736e-002     1.50470953e-001     0.00000000e+000     0.00000000e+000
       1842     8.01738779e-002     1.59322186e-001     0.00000000e+000     0.00000000e+000
       1843     8.24009300e-002     1.63747802e-001     0.00000000e+000     0.00000000e+000
       1844     8.68550344e-002     1.72599035e-001     0.00000000e+000     0.00000000e+000
       1845     9.57632430e-002     1.90301500e-001     0.00000000e+000     0.00000000e+000
       1846     9.57632430e-002     1.90301500e-001     0.00000000e+000     0.00000000e+000
       1847     1.02444400e-001     2.03578349e-001     0.00000000e+000     0.00000000e+000
       1848     1.04671452e-001     2.08003965e-001     0.00000000e+000     0.00000000e+000
       1849     1.11352608e-001     2.21280814e-001     0.00000000e+000     0.00000000e+000
       1850     1.20260817e-001     2.38983279e-001     0.00000000e+000     0.00000000e+000
       1851     1.20260817e-001     2.38983279e-001     0.00000000e+000     0.00000000e+000
       1852     1.26941973e-001     2.52260128e-001     0.00000000e+000     0.00000000e+000
       1853     1.31396078e-001     2.61111360e-001     0.00000000e+000     0.00000000e+000
       1854     1.53666599e-001     3.05367523e-001     0.00000000e+000     0.00000000e+000
       1855     1.58120704e-001     3.14218755e-001     0.00000000e+000     0.00000000e+000
       1856     1.69255964e-001     3.36346837e-001     0.00000000e+000     0.00000000e+000
       1857     1.71483017e-001     3.40772453e-001     0.00000000e+000     0.00000000e+000
       1858     1.73710069e-001     3.45198069e-001     0.00000000e+000     0.00000000e+000
       1859     1.84845330e-001     3.67326151e-001     0.00000000e+000     0.00000000e+000
       1860     2.02491101e-001     4.02391973e-001     1.41604788e-003     1.94283556e-003
       1861     2.11260134e-001     4.19817867e-001     2.57095306e-003     3.52738005e-003
       1862     2.15807247e-001     4.28853926e-001     1.79915492e-003     2.46846327e-003
       1863     2.31368666e-001     4.59777706e-001     2.03105141e-003     2.78662818e-003
       1864     2.49265984e-001     4.95343403e-001     1.35972285e-003     1.86555691e-003
       1865     2.64760939e-001     5.26135104e-001     2.14315797e-003     2.94043978e-003
       1866     2.71276306e-001     5.39082495e-001     3.51890770e-003     4.82798577e-003
       1867     2.88975093e-001     5.74253668e-001     4.49502824e-003     6.16723548e-003
       1868     3.00203117e-001     5.96566089e-001     3.72526535e-003     5.11111109e-003
       1869     3.15852314e-001     6.27664302e-001     3.22876503e-003     4.42990637e-003
       1870     3.27007280e-001     6.49831542e-001     3.06524783e-003     4.20555871e-003
       1871     3.46995193e-001     6.89551686e-001     3.52626685e-003     4.83808262e-003
       1872     3.84845069e-001     7.64767269e-001     3.60933717e-003     4.95205616e-003
       1873     4.09242858e-001     8.13250755e-001     4.43736888e-003     6.08812612e-003
       1874     3.86953300e-001     7.68956762e-001     4.59534261e-003     6.30486807e-003
       1875     4.18172806e-001     8.30996420e-001     4.25697500e-003     5.84062343e-003
       1876     4.24993344e-001     8.43839994e-001     4.79460455e-003     6.56078938e-003
       1877     4.31779148e-001     8.56676163e-001     5.47456223e-003     7.47152266e-003
       1878     4.36241112e-001     8.64956160e-001     6.81261985e-003     9.27345038e-003
       1879     4.67222440e-001     9.25835005e-001     1.01001026e-002     1.37129644e-002
       1880     5.24831242e-001     1.03943529e+000     1.46609363e-002     1.98543821e-002
       1881     5.40827041e-001     1.07059677e+000     1.27794877e-002     1.72626629e-002
       1882     5.69782546e-001     1.12741898e+000     1.44731401e-002     1.95014639e-002
       1883     6.05328678e-001     1.19727138e+000     1.70833574e-002     2.29613832e-002
       1884     6.11970521e-001     1.20996118e+000     1.86397173e-002     2.49916332e-002
       1885     6.16301290e-001     1.21810947e+000     2.07768798e-002     2.77892048e-002
       1886     6.25322693e-001     1.23555192e+000     2.10055053e-002     2.80271693e-002
       1887     6.55923145e-001     1.29563705e+000     2.75875982e-002     3.67214655e-002
       1888     7.27261027e-001     1.43616146e+000     2.99716269e-002     3.98002685e-002
       1889     7.26894483e-001     1.43507604e+000     3.39121448e-002     4.49272605e-002
       1890     7.91813267e-001     1.56287464e+000     3.40352797e-002     4.49854736e-002
       1891     8.39355379e-001     1.65634813e+000     3.44509710e-002     4.54299122e-002
       1892     8.80946457e-001     1.73806321e+000     3.53020405e-002     4.64458310e-002
       1893     9.17943443e-001     1.81070493e+000     3.65252620e-002     4.79463644e-002
       1894     9.51704124e-001     1.87695709e+000     3.80572626e-002     4.98452862e-002
       1895     9.83587014e-001     1.93950240e+000     3.98345263e-002     5.20569936e-002
       1896     1.01495126e+000     2.00102260e+000     4.17933977e-002     5.44964913e-002
       1897     1.04715654e+000     2.06419864e+000     4.38700856e-002     5.70793764e-002
       1898     1.08156301e+000     2.13171078e+000     4.60006662e-002     5.97218239e-002
       1899     1.11953124e+000     2.20623863e+000     4.81210864e-002     6.23405722e-002
       1900     1.16242217e+000     2.29046127e+000     5.01671669e-002     6.48529093e-002
       1901     1.21502828e+000     2.38291449e+000     5.21865727e-002     6.79222867e-002
       1902     1.27406812e+000     2.48762865e+000     5.44406229e-002     7.13247922e-002
       1903     1.33807542e+000     2.60161956e+000     5.68761597e-002     7.49954868e-002
       1904     1.40556643e+000     2.72192919e+000     5.94403707e-002     7.88679247e-002
       1905     1.47504207e+000     2.84562248e+000     6.20807698e-002     8.28742394e-002
       1906     1.54498973e+000     2.96978463e+000     6.47451786e-002     8.69452234e-002
       1907     1.61388483e+000     3.09151876e+000     6.73817088e-002     9.10104030e-002
       1908     1.68019220e+000     3.20794388e+000     6.99387472e-002     9.49981076e-002
       1909     1.74236723e+000     3.31619314e+000     7.23649399e-002     9.88355352e-002
       1910     1.79885688e+000     3.41341225e+000     7.46091785e-002     1.02448813e-001
       1911     1.84976150e+000     3.49990079e+000     7.66679127e-002     1.05828381e-001
       1912     1.89686220e+000     3.57911783e+000     7.85955998e-002     1.09045231e-001
       1913     1.94112716e+000     3.65294844e+000     8.04281705e-002     1.12146207e-001
       1914     1.98353159e+000     3.72326708e+000     8.22013647e-002     1.15178981e-001
       1915     2.02505713e+000     3.79193862e+000     8.39507413e-002     1.18192015e-001
       1916     2.06669116e+000     3.86081931e+000     8.57116872e-002     1.21234521e-001
       1917     2.10942632e+000     3.93175754e+000     8.75194262e-002     1.24356422e-001
       1918     2.15425998e+000     4.00659461e+000     8.94090267e-002     1.27608318e-001
       1919     2.20219385e+000     4.08716532e+000     9.14154097e-002     1.31041451e-001
       1920     2.25423356e+000     4.17529860e+000     9.35733557e-002     1.34707677e-001
       1921     2.31210569e+000     4.27414410e+000     9.58302280e-002     1.38533255e-001
       1922     2.37594964e+000     4.38390195e+000     9.81276405e-002     1.42434772e-001
       1923     2.44438779e+000     4.50198053e+000     1.00491570e-001     1.46450359e-001
       1924     2.51603601e+000     4.62579789e+000     1.02947892e-001     1.50618585e-001
       1925     2.58950423e+000     4.75278106e+000     1.05522389e-001     1.54978436e-001
       1926     2.65487972e+000     4.89312228e+000     1.07902865e-001     1.61042000e-001
       1927     2.71915648e+000     5.03169085e+000     1.10469264e-001     1.67304605e-001
       1928     2.78095827e+000     5.16589307e+000     1.13243821e-001     1.73820685e-001
       1929     2.83891934e+000     5.29311950e+000     1.16248964e-001     1.80643843e-001
       1930     2.89168349e+000     5.41074639e+000     1.19507275e-001     1.87827001e-001
       1931     2.93791668e+000     5.51616245e+000     1.23123425e-001     1.95552693e-001
       1932     2.97843711e+000     5.61078449e+000     1.27168927e-001     2.03954734e-001
       1933     3.01511163e+000     5.69803884e+000     1.31617273e-001     2.13010144e-001
       1934     3.04979236e+000     5.78137390e+000     1.36442594e-001     2.22693173e-001
       1935     3.08431796e+000     5.86425824e+000     1.41619558e-001     2.32975722e-001
       1936     3.12051475e+000     5.95017891e+000     1.47123291e-001     2.43827696e-001
       1937     3.16019775e+000     6.04263988e+000     1.52929311e-001     2.55217294e-001
       1938     3.20517161e+000     6.14516066e+000     1.59013472e-001     2.67111250e-001
       1939     3.25723143e+000     6.26127506e+000     1.65351919e-001     2.79475034e-001
       1940     3.31816352e+000     6.39453004e+000     1.71921045e-001     2.92273019e-001
       1941     3.39245938e+000     6.55372638e+000     1.78664654e-001     3.05412538e-001
       1942     3.48268046e+000     6.74400290e+000     1.85621689e-001     3.18962076e-001
       1943     3.58771885e+000     6.96341241e+000     1.92910931e-001     3.33129166e-001
       1944     3.70647545e+000     7.20999448e+000     2.00650562e-001     3.48123941e-001
       1945     3.83785932e+000     7.48177648e+000     2.08958240e-001     3.64158829e-001
       1946     3.98078710e+000     7.77677445e+000     2.17951155e-001     3.81448293e-001
       1947     4.13418245e+000     8.09299387e+000     2.27746083e-001     4.00208595e-001
       1948     4.29697558e+000     8.42843045e+000     2.38459434e-001     4.20657604e-001
       1949     4.46810279e+000     8.78107077e+000     2.50207287e-001     4.43014618e-001
       1950     4.64650602e+000     9.14889292e+000     2.63105430e-001     4.67500219e-001
       1951     4.84580106e+000     9.55660860e+000     2.78413729e-001     5.01035603e-001
       1952     5.07637797e+000     1.00262126e+001     2.98196924e-001     5.42964049e-001
       1953     5.33387090e+000     1.05493150e+001     3.21548200e-001     5.91858597e-001
       1954     5.61393627e+000     1.11174924e+001     3.47576508e-001     6.46223573e-001
       1955     5.91224904e+000     1.17222938e+001     3.75403931e-001     7.04506056e-001
       1956     6.22449975e+000     1.23552446e+001     4.04163567e-001     7.65105129e-001
       1957     6.54639206e+000     1.30078507e+001     4.32997802e-001     8.26379385e-001
       1958     6.87364079e+000     1.36716014e+001     4.61056899e-001     8.86653072e-001
       1959     7.20197024e+000     1.43379717e+001     4.87497845e-001     9.44221152e-001
       1960     7.52711285e+000     1.49984242e+001     5.11483382e-001     9.97353491e-001
       1961     7.85305643e+000     1.56698302e+001     5.33535704e-001     1.04456486e+000
       1962     8.19074308e+000     1.63654198e+001     5.54272100e-001     1.08926805e+000
       1963     8.53879948e+000     1.70824841e+001     5.74107020e-001     1.13224596e+000
       1964     8.89585709e+000     1.78183070e+001     5.93452569e-001     1.17429173e+000
       1965     9.26055165e+000     1.85701657e+001     6.12718845e-001     1.21620722e+000
       1966     9.63152263e+000     1.93353322e+001     6.32314228e-001     1.25880181e+000
       1967     1.00074129e+001     2.01110731e+001     6.52645609e-001     1.30289133e+000
       1968     1.03868682e+001     2.08946508e+001     6.74118597e-001     1.34929724e+000
       1969     1.07685372e+001     2.16833235e+001     6.97137683e-001     1.39884585e+000
       1970     1.11510707e+001     2.24743460e+001     7.22106381e-001     1.45236773e+000
       1971     1.15887668e+001     2.32308788e+001     7.51495925e-001     1.50452729e+000
       1972     1.20495525e+001     2.40310181e+001     7.83931878e-001     1.56252320e+000
       1973     1.25259806e+001     2.48595040e+001     8.18832640e-001     1.62513837e+000
       1974     1.30105109e+001     2.57012164e+001     8.55612814e-001     1.69117227e+000
       1975     1.34955204e+001     2.65411590e+001     8.93683559e-001     1.75943936e+000
       1976     1.39733124e+001     2.73644459e+001     9.32452914e-001     1.82876773e+000
       1977     1.44361248e+001     2.81562893e+001     9.71326073e-001     1.89799784e+000
       1978     1.48761366e+001     2.89019896e+001     1.00970565e+000     1.96598144e+000
       1979     1.52854741e+001     2.95869260e+001     1.04699188e+000     2.03158055e+000
       1980     1.56562164e+001     3.01965485e+001     1.08258287e+000     2.09366662e+000
       1981     1.60081827e+001     3.07965551e+001     1.11867465e+000     2.13922398e+000
       1982     1.63747338e+001     3.14236551e+001     1.15281564e+000     2.18096005e+000
       1983     1.67443481e+001     3.20556317e+001     1.18569959e+000     2.22029773e+000
       1984     1.71054410e+001     3.26703634e+001     1.21803055e+000     2.25861500e+000
       1985     1.74463684e+001     3.32458168e+001     1.25052168e+000     2.29725020e+000
       1986     1.77554316e+001     3.37600408e+001     1.28389415e+000     2.33750664e+000
       1987     1.80208808e+001     3.41911611e+001     1.31887628e+000     2.38065655e+000
       1988     1.82309181e+001     3.45173749e+001     1.35620273e+000     2.42794452e+000
       1989     1.83737011e+001     3.47169462e+001     1.39661382e+000     2.48059046e+000
       1990     1.84373460e+001     3.47682013e+001     1.44085492e+000     2.53979225e+000
       1991     1.84201070e+001     3.47356929e+001     1.48845015e+000     2.62368828e+000
       1992     1.83789986e+001     3.46581728e+001     1.54331501e+000     2.72039845e+000
       1993     1.83299338e+001     3.45656488e+001     1.60351029e+000     2.82650457e+000
       1994     1.82888254e+001     3.44881287e+001     1.66709682e+000     2.93858842e+000
       1995     1.82715864e+001     3.44556202e+001     1.73213539e+000     3.05323179e+000
       1996     1.83235006e+001     3.45535174e+001     1.79913910e+000     3.17133910e+000
       1997     1.84663049e+001     3.48228105e+001     1.86976722e+000     3.29583516e+000
       1998     1.86805921e+001     3.52269023e+001     1.94379987e+000     3.42633237e+000
       1999     1.89469548e+001     3.57291954e+001     2.02101715e+000     3.56244312e+000
       2000     1.92459856e+001     3.62930923e+001     2.10119916e+000     3.70377980e+000
