
__MAGICC 5.X DATA FILE__ 

Data: Radiative Forcing 
Gas: OCI 
Unit:  Watt per square meter (W/m2) 
Description: OCI - Radiative Forcing of year 2000 (as provided on http://data.giss.nasa.gov/efficacy/) for four MAGICC boxes; scaled over time with optical thickness of file giss_oci_ot 
Source: Original-GISS-Description:  NET RADIA. AT   0 MB (W/M+2) ANN  E2OCIx6a-E2AarM20A (yr 1850->2000 dOCI*6 - adj 
Compiled by: Malte Meinshausen, Lauder NZ, NCAR/PIK, malte.meinshausen@gmail.com 
Date: 18-Jul-2006 11:05:18  

&THISFILE_SPECIFICATIONS 
 THISFILE_DATACOLUMNS    =    4  ,
 THISFILE_FIRSTYEAR      = 1751  ,
 THISFILE_LASTYEAR       = 2002  ,
 THISFILE_ANNUALSTEPS    =    1  ,
 THISFILE_FIRSTDATAROW   =   21  ,
/  

       YEARS    FORC-NO             FORC-NL           FORC-SO          FORC-SL
       1751     0.00000000e+000     0.00000000e+000     0.00000000e+000     0.00000000e+000 
       1752     0.00000000e+000     0.00000000e+000     0.00000000e+000     0.00000000e+000 
       1753     0.00000000e+000     0.00000000e+000     0.00000000e+000     0.00000000e+000 
       1754     0.00000000e+000     0.00000000e+000     0.00000000e+000     0.00000000e+000 
       1755     0.00000000e+000     0.00000000e+000     0.00000000e+000     0.00000000e+000 
       1756     0.00000000e+000     0.00000000e+000     0.00000000e+000     0.00000000e+000 
       1757     0.00000000e+000     0.00000000e+000     0.00000000e+000     0.00000000e+000 
       1758     0.00000000e+000     0.00000000e+000     0.00000000e+000     0.00000000e+000 
       1759     0.00000000e+000     0.00000000e+000     0.00000000e+000     0.00000000e+000 
       1760     0.00000000e+000     0.00000000e+000     0.00000000e+000     0.00000000e+000 
       1761     0.00000000e+000     0.00000000e+000     0.00000000e+000     0.00000000e+000 
       1762     0.00000000e+000     0.00000000e+000     0.00000000e+000     0.00000000e+000 
       1763     0.00000000e+000     0.00000000e+000     0.00000000e+000     0.00000000e+000 
       1764     0.00000000e+000     0.00000000e+000     0.00000000e+000     0.00000000e+000 
       1765     0.00000000e+000     0.00000000e+000     0.00000000e+000     0.00000000e+000 
       1766     0.00000000e+000     0.00000000e+000     0.00000000e+000     0.00000000e+000 
       1767     0.00000000e+000     0.00000000e+000     0.00000000e+000     0.00000000e+000 
       1768     0.00000000e+000     0.00000000e+000     0.00000000e+000     0.00000000e+000 
       1769     0.00000000e+000     0.00000000e+000     0.00000000e+000     0.00000000e+000 
       1770     0.00000000e+000     0.00000000e+000     0.00000000e+000     0.00000000e+000 
       1771    -8.44214576e-004    -1.49022920e-003     0.00000000e+000     0.00000000e+000 
       1772    -8.44214576e-004    -1.49022920e-003     0.00000000e+000     0.00000000e+000 
       1773    -8.44214576e-004    -1.49022920e-003     0.00000000e+000     0.00000000e+000 
       1774    -8.44214576e-004    -1.49022920e-003     0.00000000e+000     0.00000000e+000 
       1775    -8.44214576e-004    -1.49022920e-003     0.00000000e+000     0.00000000e+000 
       1776    -8.44214576e-004    -1.49022920e-003     0.00000000e+000     0.00000000e+000 
       1777    -8.44214576e-004    -1.49022920e-003     0.00000000e+000     0.00000000e+000 
       1778    -8.44214576e-004    -1.49022920e-003     0.00000000e+000     0.00000000e+000 
       1779    -8.44214576e-004    -1.49022920e-003     0.00000000e+000     0.00000000e+000 
       1780    -8.44214576e-004    -1.49022920e-003     0.00000000e+000     0.00000000e+000 
       1781    -1.68842915e-003    -2.98045841e-003     0.00000000e+000     0.00000000e+000 
       1782    -1.68842915e-003    -2.98045841e-003     0.00000000e+000     0.00000000e+000 
       1783    -1.68842915e-003    -2.98045841e-003     0.00000000e+000     0.00000000e+000 
       1784    -1.68842915e-003    -2.98045841e-003     0.00000000e+000     0.00000000e+000 
       1785    -1.68842915e-003    -2.98045841e-003     0.00000000e+000     0.00000000e+000 
       1786    -1.68842915e-003    -2.98045841e-003     0.00000000e+000     0.00000000e+000 
       1787    -1.68842915e-003    -2.98045841e-003     0.00000000e+000     0.00000000e+000 
       1788    -1.68842915e-003    -2.98045841e-003     0.00000000e+000     0.00000000e+000 
       1789    -1.68842915e-003    -2.98045841e-003     0.00000000e+000     0.00000000e+000 
       1790    -1.68842915e-003    -2.98045841e-003     0.00000000e+000     0.00000000e+000 
       1791    -2.53264373e-003    -4.47068761e-003     0.00000000e+000     0.00000000e+000 
       1792    -2.53264373e-003    -4.47068761e-003     0.00000000e+000     0.00000000e+000 
       1793    -2.53264373e-003    -4.47068761e-003     0.00000000e+000     0.00000000e+000 
       1794    -2.53264373e-003    -4.47068761e-003     0.00000000e+000     0.00000000e+000 
       1795    -2.53264373e-003    -4.47068761e-003     0.00000000e+000     0.00000000e+000 
       1796    -2.53264373e-003    -4.47068761e-003     0.00000000e+000     0.00000000e+000 
       1797    -3.37685831e-003    -5.96091681e-003     0.00000000e+000     0.00000000e+000 
       1798    -3.37685831e-003    -5.96091681e-003     0.00000000e+000     0.00000000e+000 
       1799    -3.37685831e-003    -5.96091681e-003     0.00000000e+000     0.00000000e+000 
       1800    -4.22107288e-003    -7.45114601e-003     0.00000000e+000     0.00000000e+000 
       1801    -4.22107288e-003    -7.45114601e-003     0.00000000e+000     0.00000000e+000 
       1802    -5.90950203e-003    -1.04316044e-002     0.00000000e+000     0.00000000e+000 
       1803    -5.06528746e-003    -8.94137522e-003     0.00000000e+000     0.00000000e+000 
       1804    -5.06528746e-003    -8.94137522e-003     0.00000000e+000     0.00000000e+000 
       1805    -5.06528746e-003    -8.94137522e-003     0.00000000e+000     0.00000000e+000 
       1806    -5.90950203e-003    -1.04316044e-002     0.00000000e+000     0.00000000e+000 
       1807    -5.90950203e-003    -1.04316044e-002     0.00000000e+000     0.00000000e+000 
       1808    -5.90950203e-003    -1.04316044e-002     0.00000000e+000     0.00000000e+000 
       1809    -5.90950203e-003    -1.04316044e-002     0.00000000e+000     0.00000000e+000 
       1810    -5.90950203e-003    -1.04316044e-002     0.00000000e+000     0.00000000e+000 
       1811    -6.75371661e-003    -1.19218336e-002     0.00000000e+000     0.00000000e+000 
       1812    -6.75371661e-003    -1.19218336e-002     0.00000000e+000     0.00000000e+000 
       1813    -6.75371661e-003    -1.19218336e-002     0.00000000e+000     0.00000000e+000 
       1814    -6.75371661e-003    -1.19218336e-002     0.00000000e+000     0.00000000e+000 
       1815    -7.59793119e-003    -1.34120628e-002     0.00000000e+000     0.00000000e+000 
       1816    -8.44214576e-003    -1.49022920e-002     0.00000000e+000     0.00000000e+000 
       1817    -9.28636034e-003    -1.63925212e-002     0.00000000e+000     0.00000000e+000 
       1818    -9.28636034e-003    -1.63925212e-002     0.00000000e+000     0.00000000e+000 
       1819    -9.28636034e-003    -1.63925212e-002     0.00000000e+000     0.00000000e+000 
       1820    -9.28636034e-003    -1.63925212e-002     0.00000000e+000     0.00000000e+000 
       1821    -9.28636034e-003    -1.63925212e-002     0.00000000e+000     0.00000000e+000 
       1822    -1.01305749e-002    -1.78827504e-002     0.00000000e+000     0.00000000e+000 
       1823    -1.09747895e-002    -1.93729796e-002     0.00000000e+000     0.00000000e+000 
       1824    -1.09747895e-002    -1.93729796e-002     0.00000000e+000     0.00000000e+000 
       1825    -1.18190041e-002    -2.08632088e-002     0.00000000e+000     0.00000000e+000 
       1826    -1.18190041e-002    -2.08632088e-002     0.00000000e+000     0.00000000e+000 
       1827    -1.26632186e-002    -2.23534380e-002     0.00000000e+000     0.00000000e+000 
       1828    -1.26632186e-002    -2.23534380e-002     0.00000000e+000     0.00000000e+000 
       1829    -1.26632186e-002    -2.23534380e-002     0.00000000e+000     0.00000000e+000 
       1830    -1.77285061e-002    -3.12948133e-002     0.00000000e+000     0.00000000e+000 
       1831    -1.68842915e-002    -2.98045841e-002     0.00000000e+000     0.00000000e+000 
       1832    -1.68842915e-002    -2.98045841e-002     0.00000000e+000     0.00000000e+000 
       1833    -1.77285061e-002    -3.12948133e-002     0.00000000e+000     0.00000000e+000 
       1834    -1.77285061e-002    -3.12948133e-002     0.00000000e+000     0.00000000e+000 
       1835    -1.85727207e-002    -3.27850425e-002     0.00000000e+000     0.00000000e+000 
       1836    -2.19495790e-002    -3.87459593e-002     0.00000000e+000     0.00000000e+000 
       1837    -2.19495790e-002    -3.87459593e-002     0.00000000e+000     0.00000000e+000 
       1838    -2.27937936e-002    -4.02361885e-002     0.00000000e+000     0.00000000e+000 
       1839    -2.36380081e-002    -4.17264177e-002     0.00000000e+000     0.00000000e+000 
       1840    -2.53264373e-002    -4.47068761e-002     0.00000000e+000     0.00000000e+000 
       1841    -2.61706519e-002    -4.61971053e-002     0.00000000e+000     0.00000000e+000 
       1842    -2.78590810e-002    -4.91775637e-002     0.00000000e+000     0.00000000e+000 
       1843    -2.87032956e-002    -5.06677929e-002     0.00000000e+000     0.00000000e+000 
       1844    -3.03917247e-002    -5.36482513e-002     0.00000000e+000     0.00000000e+000 
       1845    -3.37685831e-002    -5.96091681e-002     0.00000000e+000     0.00000000e+000 
       1846    -3.37685831e-002    -5.96091681e-002     0.00000000e+000     0.00000000e+000 
       1847    -3.63012268e-002    -6.40798557e-002     0.00000000e+000     0.00000000e+000 
       1848    -3.71454414e-002    -6.55700849e-002     0.00000000e+000     0.00000000e+000 
       1849    -3.96780851e-002    -7.00407725e-002     0.00000000e+000     0.00000000e+000 
       1850    -4.30549434e-002    -7.60016894e-002     0.00000000e+000     0.00000000e+000 
       1851    -4.30549434e-002    -7.60016894e-002     0.00000000e+000     0.00000000e+000 
       1852    -4.55875871e-002    -8.04723770e-002     0.00000000e+000     0.00000000e+000 
       1853    -4.72760163e-002    -8.34528354e-002     0.00000000e+000     0.00000000e+000 
       1854    -5.57181620e-002    -9.83551274e-002     0.00000000e+000     0.00000000e+000 
       1855    -5.74065912e-002    -1.01335586e-001     0.00000000e+000     0.00000000e+000 
       1856    -6.16276641e-002    -1.08786732e-001     0.00000000e+000     0.00000000e+000 
       1857    -6.24718787e-002    -1.10276961e-001     0.00000000e+000     0.00000000e+000 
       1858    -6.33160932e-002    -1.11767190e-001     0.00000000e+000     0.00000000e+000 
       1859    -6.75371661e-002    -1.19218336e-001     0.00000000e+000     0.00000000e+000 
       1860    -7.42261957e-002    -1.31025983e-001    -4.75725855e-002    -1.09405032e-001 
       1861    -7.75502963e-002    -1.36893770e-001    -8.63719977e-002    -1.98633962e-001 
       1862    -7.92739823e-002    -1.39936465e-001    -6.04431903e-002    -1.39004199e-001 
       1863    -8.51728909e-002    -1.50349370e-001    -6.82338278e-002    -1.56920714e-001 
       1864    -9.19572748e-002    -1.62325338e-001    -4.56803280e-002    -1.05053313e-001 
       1865    -9.78309884e-002    -1.72693768e-001    -7.20000836e-002    -1.65582159e-001 
       1866    -1.00300786e-001    -1.77053518e-001    -1.18218840e-001    -2.71873722e-001 
       1867    -1.07009912e-001    -1.88896639e-001    -1.51011924e-001    -3.47289604e-001 
       1868    -1.11266149e-001    -1.96409857e-001    -1.25151492e-001    -2.87817086e-001 
       1869    -1.17198332e-001    -2.06881498e-001    -1.08471403e-001    -2.49457059e-001 
       1870    -1.21426874e-001    -2.14345830e-001    -1.02977990e-001    -2.36823585e-001 
       1871    -1.29003745e-001    -2.27720717e-001    -1.18466073e-001    -2.72442296e-001 
       1872    -1.43351598e-001    -2.53047915e-001    -1.21256847e-001    -2.78860379e-001 
       1873    -1.52600133e-001    -2.69373665e-001    -1.49074840e-001    -3.42834794e-001 
       1874    -1.44150771e-001    -2.54458635e-001    -1.54382018e-001    -3.55039975e-001 
       1875    -1.55985232e-001    -2.75349129e-001    -1.43014449e-001    -3.28897413e-001 
       1876    -1.54373676e-001    -2.74214426e-001    -8.50292312e-002    -1.95448383e-001 
       1877    -1.53158307e-001    -2.73611949e-001    -6.55556952e-002    -1.50609938e-001 
       1878    -1.51458462e-001    -2.71992499e-001    -6.12943776e-002    -1.40747014e-001 
       1879    -1.59251604e-001    -2.87358124e-001    -7.25017411e-002    -1.66394207e-001 
       1880    -1.76046815e-001    -3.19058865e-001    -8.72616133e-002    -2.00161233e-001 
       1881    -1.78570593e-001    -3.24954973e-001    -6.47821129e-002    -1.48516406e-001 
       1882    -1.85488770e-001    -3.38819120e-001    -6.37314859e-002    -1.46026430e-001 
       1883    -1.94539448e-001    -3.56596448e-001    -6.63413064e-002    -1.51919989e-001 
       1884    -1.94232029e-001    -3.57203487e-001    -6.46047816e-002    -1.47857815e-001 
       1885    -1.93347263e-001    -3.56669691e-001    -6.48976752e-002    -1.48440560e-001 
       1886    -1.94091184e-001    -3.59071686e-001    -5.96050268e-002    -1.36252700e-001 
       1887    -2.01659212e-001    -3.74071783e-001    -7.15952845e-002    -1.63561183e-001 
       1888    -2.21760466e-001    -4.12380196e-001    -7.15461893e-002    -1.63346781e-001 
       1889    -2.19694033e-001    -4.09516427e-001    -7.48300693e-002    -1.70735157e-001 
       1890    -2.37561566e-001    -4.43800342e-001    -6.97195157e-002    -1.58971119e-001 
       1891    -2.46485163e-001    -4.61442455e-001    -6.62945671e-002    -1.51061229e-001 
       1892    -2.45874845e-001    -4.61229312e-001    -7.05645195e-002    -1.60681778e-001 
       1893    -2.41268112e-001    -4.53458983e-001    -7.94799862e-002    -1.80857681e-001 
       1894    -2.47998773e-001    -4.66947888e-001    -8.76712949e-002    -1.99355904e-001 
       1895    -2.61162695e-001    -4.92567027e-001    -9.95616707e-002    -2.26229754e-001 
       1896    -2.67929530e-001    -5.06152123e-001    -1.02035774e-001    -2.31680254e-001 
       1897    -2.79848278e-001    -5.29481921e-001    -1.05159274e-001    -2.38592105e-001 
       1898    -2.94035209e-001    -5.57138605e-001    -1.17051550e-001    -2.65369048e-001 
       1899    -3.19500559e-001    -6.06225142e-001    -1.12010089e-001    -2.53739033e-001 
       1900    -3.35066366e-001    -6.36609987e-001    -1.12163167e-001    -2.53880660e-001 
       1901    -3.36778809e-001    -6.39180630e-001    -1.31712043e-001    -2.98020035e-001 
       1902    -3.36741352e-001    -6.38436900e-001    -1.29169914e-001    -2.92162459e-001 
       1903    -3.58621869e-001    -6.79192161e-001    -1.31200450e-001    -2.96649636e-001 
       1904    -3.54261852e-001    -6.70248518e-001    -1.28669731e-001    -2.90825628e-001 
       1905    -3.68252778e-001    -6.95997670e-001    -1.29213641e-001    -2.91954188e-001 
       1906    -3.83794114e-001    -7.24628262e-001    -1.45049084e-001    -3.27622432e-001 
       1907    -4.17604892e-001    -7.87654401e-001    -1.42999776e-001    -3.22885447e-001 
       1908    -3.90798674e-001    -7.36389269e-001    -1.42280570e-001    -3.21155467e-001 
       1909    -4.01793690e-001    -7.56362704e-001    -1.32751857e-001    -2.99549792e-001 
       1910    -4.10573219e-001    -7.72140056e-001    -1.48281545e-001    -3.34484698e-001 
       1911    -4.11341914e-001    -7.72849142e-001    -1.48750853e-001    -3.35437293e-001 
       1912    -4.25117652e-001    -7.97970450e-001    -1.48828009e-001    -3.35506732e-001 
       1913    -4.48766578e-001    -8.41561184e-001    -1.49105288e-001    -3.36028573e-001 
       1914    -3.96927785e-001    -7.43695202e-001    -1.39254752e-001    -3.13734050e-001 
       1915    -3.85529950e-001    -7.21688984e-001    -1.24361113e-001    -2.80095760e-001 
       1916    -4.08836666e-001    -7.64611179e-001    -1.20115789e-001    -2.70454449e-001 
       1917    -4.27201638e-001    -7.98232698e-001    -1.18791657e-001    -2.67395336e-001 
       1918    -4.12254488e-001    -7.69632376e-001    -1.15498179e-001    -2.59907375e-001 
       1919    -3.48272404e-001    -6.49655758e-001    -1.13587097e-001    -2.55534610e-001 
       1920    -3.97566685e-001    -7.40930266e-001    -1.25766265e-001    -2.82854969e-001 
       1921    -3.36631393e-001    -6.26867396e-001    -1.16642719e-001    -2.62263481e-001 
       1922    -3.50265667e-001    -6.51693504e-001    -1.10982195e-001    -2.49468445e-001 
       1923    -3.97385621e-001    -7.38710682e-001    -1.21609949e-001    -2.73284561e-001 
       1924    -3.88396803e-001    -7.21406516e-001    -1.31238159e-001    -2.94843344e-001 
       1925    -3.87976055e-001    -7.20032465e-001    -1.34504134e-001    -3.02101952e-001 
       1926    -3.77605956e-001    -7.04441587e-001    -1.32685726e-001    -2.96639279e-001 
       1927    -3.94774787e-001    -7.40338340e-001    -1.33822226e-001    -2.97795657e-001 
       1928    -3.82891516e-001    -7.21889732e-001    -1.28311601e-001    -2.84210936e-001 
       1929    -3.99042771e-001    -7.56386501e-001    -1.25977642e-001    -2.77748776e-001 
       1930    -3.54942695e-001    -6.76507587e-001    -1.12808690e-001    -2.47562062e-001 
       1931    -3.06656811e-001    -5.87761330e-001    -9.63315219e-002    -2.10422337e-001 
       1932    -2.67321396e-001    -5.15292655e-001    -8.54698262e-002    -1.85830552e-001 
       1933    -2.72663323e-001    -5.28567548e-001    -9.45697583e-002    -2.04661632e-001 
       1934    -2.88416368e-001    -5.62294841e-001    -9.82734888e-002    -2.11689509e-001 
       1935    -2.95275560e-001    -5.79007644e-001    -1.02277379e-001    -2.19290740e-001 
       1936    -3.15714643e-001    -6.22700719e-001    -1.06769643e-001    -2.27858451e-001 
       1937    -3.27728576e-001    -6.50233586e-001    -1.14721470e-001    -2.43689932e-001 
       1938    -2.99671806e-001    -5.98210692e-001    -1.14208533e-001    -2.41471473e-001 
       1939    -3.03765094e-001    -6.10088902e-001    -1.17643410e-001    -2.47575760e-001 
       1940    -3.22441166e-001    -6.51578726e-001    -1.17842700e-001    -2.46839838e-001 
       1941    -3.20872439e-001    -6.52488571e-001    -1.29274297e-001    -2.69522852e-001 
       1942    -3.14336979e-001    -6.43285845e-001    -1.20446779e-001    -2.49947164e-001 
       1943    -3.16638199e-001    -6.52174830e-001    -1.24491113e-001    -2.57134134e-001 
       1944    -3.05959923e-001    -6.34332166e-001    -1.22921363e-001    -2.52706163e-001 
       1945    -2.48298600e-001    -5.18354826e-001    -1.11273542e-001    -2.27691157e-001 
       1946    -2.58824046e-001    -5.43934119e-001    -1.05986009e-001    -2.15857552e-001 
       1947    -2.83824956e-001    -6.00465019e-001    -1.12487392e-001    -2.28026681e-001 
       1948    -2.91959922e-001    -6.21925374e-001    -1.12342196e-001    -2.26666045e-001 
       1949    -2.73687277e-001    -5.87153756e-001    -1.14956224e-001    -2.30853462e-001 
       1950    -3.05398483e-001    -6.59737720e-001    -1.41573020e-001    -2.82971908e-001 
       1951    -3.22937358e-001    -6.95444871e-001    -1.41521257e-001    -2.88857098e-001 
       1952    -3.19671712e-001    -6.86443722e-001    -1.41687385e-001    -2.95436233e-001 
       1953    -3.21405906e-001    -6.88287677e-001    -1.30004654e-001    -2.77040000e-001 
       1954    -3.18368550e-001    -6.80038775e-001    -1.30118093e-001    -2.83504310e-001 
       1955    -3.42520567e-001    -7.29774247e-001    -1.33415916e-001    -2.97346947e-001 
       1956    -3.59080823e-001    -7.63243618e-001    -1.31323200e-001    -2.99526486e-001 
       1957    -3.68649905e-001    -7.81836352e-001    -1.27309523e-001    -2.97307495e-001 
       1958    -3.72947560e-001    -7.89285427e-001    -1.21379590e-001    -2.90378798e-001 
       1959    -3.89129766e-001    -8.21852539e-001    -1.17269566e-001    -2.87549364e-001 
       1960    -4.02276057e-001    -8.47972809e-001    -1.13851825e-001    -2.86298984e-001 
       1961    -3.90602081e-001    -8.21836956e-001    -1.14458469e-001    -2.86471190e-001 
       1962    -3.93902269e-001    -8.27275104e-001    -1.14938434e-001    -2.86362413e-001 
       1963    -4.04249853e-001    -8.47512506e-001    -1.11502237e-001    -2.76575389e-001 
       1964    -4.15304787e-001    -8.69216511e-001    -1.16258331e-001    -2.87138815e-001 
       1965    -4.22948601e-001    -8.83782907e-001    -1.20161037e-001    -2.95546178e-001 
       1966    -4.34393358e-001    -9.06278558e-001    -1.20338923e-001    -2.94791632e-001 
       1967    -4.38237611e-001    -9.12937369e-001    -1.21776468e-001    -2.97146686e-001 
       1968    -4.51326658e-001    -9.38839314e-001    -1.26152333e-001    -3.06655112e-001 
       1969    -4.68591929e-001    -9.73383700e-001    -1.30727727e-001    -3.16604338e-001 
       1970    -4.93563006e-001    -1.02385386e+000    -1.35111492e-001    -3.26047236e-001 
       1971    -5.01060214e-001    -1.04539527e+000    -1.39158718e-001    -3.44892815e-001 
       1972    -5.10607742e-001    -1.07131223e+000    -1.39569177e-001    -3.54848467e-001 
       1973    -5.27884789e-001    -1.11364541e+000    -1.41278542e-001    -3.68077524e-001 
       1974    -5.18328854e-001    -1.09940540e+000    -1.41024908e-001    -3.76123830e-001 
       1975    -5.05478407e-001    -1.07783558e+000    -1.38228270e-001    -3.77046794e-001 
       1976    -5.25630277e-001    -1.12656284e+000    -1.42752719e-001    -3.97890894e-001 
       1977    -5.31662648e-001    -1.14524737e+000    -1.45687057e-001    -4.14594717e-001 
       1978    -5.30164820e-001    -1.14768270e+000    -1.42814510e-001    -4.14631429e-001 
       1979    -5.51546375e-001    -1.19972156e+000    -1.49714112e-001    -4.43122391e-001 
       1980    -5.35628439e-001    -1.17066578e+000    -1.47759163e-001    -4.45542201e-001 
       1981    -5.35109983e-001    -1.15295730e+000    -1.50653676e-001    -4.42193106e-001 
       1982    -5.46957564e-001    -1.16304340e+000    -1.54043696e-001    -4.40623828e-001 
       1983    -5.62442107e-001    -1.18145352e+000    -1.53012255e-001    -4.26974503e-001 
       1984    -5.98533067e-001    -1.24306640e+000    -1.60076085e-001    -4.36197216e-001 
       1985    -6.33910870e-001    -1.30270331e+000    -1.63218863e-001    -4.34718966e-001 
       1986    -6.69601178e-001    -1.36255153e+000    -1.72407546e-001    -4.49212705e-001 
       1987    -7.01822325e-001    -1.41501917e+000    -1.79154118e-001    -4.57017320e-001 
       1988    -7.46762980e-001    -1.49267301e+000    -1.85228725e-001    -4.62973100e-001 
       1989    -7.77594021e-001    -1.54174809e+000    -1.90666467e-001    -4.67278048e-001 
       1990    -8.01317847e-001    -1.57671385e+000    -2.00940366e-001    -4.83188067e-001 
       1991    -8.14451273e-001    -1.60254748e+000    -2.01220033e-001    -4.83860564e-001 
       1992    -7.95343995e-001    -1.56496321e+000    -2.07225816e-001    -4.98302274e-001 
       1993    -7.93376554e-001    -1.56109322e+000    -2.13035948e-001    -5.12273518e-001 
       1994    -8.08860604e-001    -1.59155056e+000    -2.23087342e-001    -5.36443443e-001 
       1995    -8.31108404e-001    -1.63531227e+000    -2.31037647e-001    -5.55561018e-001 
       1996    -8.46075233e-001    -1.66475222e+000    -2.51225483e-001    -6.04105378e-001 
       1997    -8.63087607e-001    -1.69821579e+000    -2.59562025e-001    -6.24151711e-001 
       1998    -8.61937723e-001    -1.69595395e+000    -2.58575280e-001    -6.21778949e-001 
       1999    -8.38723938e-001    -1.65029213e+000    -2.62036566e-001    -6.30102078e-001 
       2000    -8.59591610e-001    -1.69133912e+000    -2.65372060e-001    -6.38122720e-001 
       2001    -8.80857841e-001    -1.73317007e+000    -2.75646607e-001    -6.62829247e-001 
       2002    -8.97827042e-001    -1.76654872e+000    -2.83588883e-001    -6.81927515e-001 
