
__MAGICC 5.X DATA FILE__ 

Data: Radiative Forcing 
Gas: NOX 
Unit:  Watt per square meter (W/m2) 
Description: NOX - Radiative Forcing of year 2000 (as provided on http://data.giss.nasa.gov/efficacy/) for four MAGICC boxes; scaled over time with optical thickness of file mixed_noxi_ot and mixed_noxb_ot 
Source: Original-GISS-Description:  NET RADIA. AT   0 MB (W/M+2) ANN  E2NO3x5a-E2AarM20A (yr 1850->2000 dNO3*5 - adj 
Compiled by: Malte Meinshausen, Lauder NZ, NCAR/PIK, malte.meinshausen@gmail.com 
Date: 18-Jul-2006 11:05:18  

&THISFILE_SPECIFICATIONS 
 THISFILE_DATACOLUMNS    =    4  ,
 THISFILE_FIRSTYEAR      = 1765  ,
 THISFILE_LASTYEAR       = 2000  ,
 THISFILE_ANNUALSTEPS    =    1  ,
 THISFILE_FIRSTDATAROW   =   21  ,
/  

       YEARS    FORC-NO             FORC-NL           FORC-SO          FORC-SL
       1765     0.00000000e+000     0.00000000e+000     0.00000000e+000     0.00000000e+000 
       1766    -9.19293475e-004    -1.01606957e-003    -4.98914754e-007    -7.31762822e-007 
       1767    -1.81695753e-003    -2.00823273e-003    -2.04559654e-006    -3.00029512e-006 
       1768    -2.69324964e-003    -2.97677410e-003    -4.71495166e-006    -6.91546263e-006 
       1769    -3.54842732e-003    -3.92197826e-003    -8.58188641e-006    -1.25871311e-005 
       1770    -4.38274806e-003    -4.84412981e-003    -1.37213071e-005    -2.01251663e-005 
       1771    -5.35163041e-003    -5.88298412e-003    -2.02081199e-005    -2.96394339e-005 
       1772    -6.14500973e-003    -6.75988427e-003    -2.81172313e-005    -4.12397998e-005 
       1773    -6.91830459e-003    -7.61458562e-003    -3.75235475e-005    -5.50361295e-005 
       1774    -7.67177247e-003    -8.44737277e-003    -4.85019747e-005    -7.11382890e-005 
       1775    -8.40567087e-003    -9.25853031e-003    -6.11274194e-005    -8.96561439e-005 
       1776    -9.12025729e-003    -1.00483428e-002    -7.54747877e-005    -1.10699560e-004 
       1777    -9.81578922e-003    -1.08170950e-002    -9.16189860e-005    -1.34378403e-004 
       1778    -1.04925241e-002    -1.15650713e-002    -1.09634921e-004    -1.60802539e-004 
       1779    -1.11507196e-002    -1.22925564e-002    -1.29597498e-004    -1.90081833e-004 
       1780    -1.17906330e-002    -1.29998350e-002    -1.51581624e-004    -2.22326151e-004 
       1781    -1.25676829e-002    -1.38266623e-002    -1.75662205e-004    -2.57645359e-004 
       1782    -1.31718048e-002    -1.44943814e-002    -2.01914147e-004    -2.96149323e-004 
       1783    -1.37584171e-002    -1.51427477e-002    -2.30412358e-004    -3.37947908e-004 
       1784    -1.43277774e-002    -1.57720458e-002    -2.61231742e-004    -3.83150980e-004 
       1785    -1.48801431e-002    -1.63825603e-002    -2.94447207e-004    -4.31868405e-004 
       1786    -1.54157718e-002    -1.69745758e-002    -3.30133658e-004    -4.84210049e-004 
       1787    -1.59349209e-002    -1.75483770e-002    -3.68366002e-004    -5.40285777e-004 
       1788    -1.64378479e-002    -1.81042483e-002    -4.09219145e-004    -6.00205455e-004 
       1789    -1.69248104e-002    -1.86424744e-002    -4.52767994e-004    -6.64078949e-004 
       1790    -1.73960658e-002    -1.91633399e-002    -4.99087455e-004    -7.32016125e-004 
       1791    -1.80070326e-002    -1.98066001e-002    -5.48252434e-004    -8.04126848e-004 
       1792    -1.84476464e-002    -2.02935982e-002    -6.00337837e-004    -8.80520984e-004 
       1793    -1.88733255e-002    -2.07640895e-002    -6.55418570e-004    -9.61308399e-004 
       1794    -1.92843274e-002    -2.12183586e-002    -7.13569541e-004    -1.04659896e-003 
       1795    -1.96809098e-002    -2.16566901e-002    -7.74865655e-004    -1.13650253e-003 
       1796    -2.00633301e-002    -2.20793686e-002    -8.39381819e-004    -1.23112897e-003 
       1797    -2.05870067e-002    -2.26261494e-002    -9.07192938e-004    -1.33058816e-003 
       1798    -2.09418752e-002    -2.30183757e-002    -9.78373920e-004    -1.43498996e-003 
       1799    -2.12833541e-002    -2.33958028e-002    -1.05299967e-003    -1.54444423e-003 
       1800    -2.17668618e-002    -2.38981860e-002    -1.13114509e-003    -1.65906083e-003 
       1801    -2.20823338e-002    -2.42468685e-002    -1.21288510e-003    -1.77894965e-003 
       1802    -2.26955108e-002    -2.48605471e-002    -1.29829459e-003    -1.90422053e-003 
       1803    -2.28308450e-002    -2.50421526e-002    -1.38744848e-003    -2.03498335e-003 
       1804    -2.31092380e-002    -2.53498527e-002    -1.48042167e-003    -2.17134797e-003 
       1805    -2.33757863e-002    -2.56444612e-002    -1.57728906e-003    -2.31342426e-003 
       1806    -2.37859085e-002    -2.60657334e-002    -1.67812556e-003    -2.46132208e-003 
       1807    -2.40295400e-002    -2.63350125e-002    -1.78300609e-003    -2.61515130e-003 
       1808    -2.42620992e-002    -2.65920537e-002    -1.89200554e-003    -2.77502179e-003 
       1809    -2.44838437e-002    -2.68371418e-002    -2.00519882e-003    -2.94104341e-003 
       1810    -2.46950310e-002    -2.70705613e-002    -2.12266084e-003    -3.11332602e-003 
       1811    -2.50510797e-002    -2.74320675e-002    -2.24446650e-003    -3.29197950e-003 
       1812    -2.52419250e-002    -2.76430036e-002    -2.37069071e-003    -3.47711370e-003 
       1813    -2.54229856e-002    -2.78431248e-002    -2.50140838e-003    -3.66883850e-003 
       1814    -2.55945190e-002    -2.80327159e-002    -2.63669441e-003    -3.86726375e-003 
       1815    -2.59119436e-002    -2.83515321e-002    -2.77662371e-003    -4.07249934e-003 
       1816    -2.62203560e-002    -2.86603873e-002    -2.92127119e-003    -4.28465511e-003 
       1817    -2.65200137e-002    -2.89595661e-002    -3.07071174e-003    -4.50384094e-003 
       1818    -2.66560130e-002    -2.91098824e-002    -3.22502029e-003    -4.73016669e-003 
       1819    -2.67837725e-002    -2.92510914e-002    -3.38427173e-003    -4.96374223e-003 
       1820    -2.69035497e-002    -2.93834779e-002    -3.54854097e-003    -5.20467743e-003 
       1821    -2.70156022e-002    -2.95073263e-002    -3.71790292e-003    -5.45308214e-003 
       1822    -2.72753484e-002    -2.97623921e-002    -3.89243248e-003    -5.70906624e-003 
       1823    -2.75278848e-002    -3.00094891e-002    -4.07220456e-003    -5.97273959e-003 
       1824    -2.76183078e-002    -3.01094312e-002    -4.25729407e-003    -6.24421206e-003 
       1825    -2.78571970e-002    -3.03414444e-002    -4.44777590e-003    -6.52359351e-003 
       1826    -2.79344879e-002    -3.04268718e-002    -4.64372498e-003    -6.81099381e-003 
       1827    -2.81607600e-002    -3.06449396e-002    -4.84521620e-003    -7.10652282e-003 
       1828    -2.82259487e-002    -3.07169909e-002    -5.05232447e-003    -7.41029042e-003 
       1829    -2.82854725e-002    -3.07827809e-002    -5.26512470e-003    -7.72240645e-003 
       1830    -2.92705554e-002    -3.16794189e-002    -5.48369180e-003    -8.04298080e-003 
       1831    -2.91643609e-002    -3.15940696e-002    -5.70810066e-003    -8.37212333e-003 
       1832    -2.92084352e-002    -3.16427836e-002    -5.93842620e-003    -8.70994390e-003 
       1833    -2.94030356e-002    -3.18258456e-002    -6.17474332e-003    -9.05655238e-003 
       1834    -2.94380976e-002    -3.18645986e-002    -6.41712693e-003    -9.41205863e-003 
       1835    -2.96242008e-002    -3.20382688e-002    -6.66565193e-003    -9.77657252e-003 
       1836    -3.02719247e-002    -3.26260823e-002    -6.92039324e-003    -1.01502039e-002 
       1837    -3.02953995e-002    -3.26520283e-002    -7.18142575e-003    -1.05330627e-002 
       1838    -3.04706880e-002    -3.28137453e-002    -7.44882438e-003    -1.09252587e-002 
       1839    -3.06428865e-002    -3.29720471e-002    -7.72266403e-003    -1.13269018e-002 
       1840    -3.09674137e-002    -3.32666891e-002    -8.00301960e-003    -1.17381019e-002 
       1841    -3.11342049e-002    -3.34190143e-002    -8.28996601e-003    -1.21589688e-002 
       1842    -3.14538397e-002    -3.37082488e-002    -8.58357816e-003    -1.25896124e-002 
       1843    -3.16162534e-002    -3.38557358e-002    -8.88393095e-003    -1.30301426e-002 
       1844    -3.19320259e-002    -3.41407013e-002    -9.19109929e-003    -1.34806692e-002 
       1845    -3.25565754e-002    -3.47029008e-002    -9.50515809e-003    -1.39413021e-002 
       1846    -3.25591933e-002    -3.47057942e-002    -9.82618226e-003    -1.44121512e-002 
       1847    -3.30262644e-002    -3.51259615e-002    -1.01542467e-002    -1.48933263e-002 
       1848    -3.31822408e-002    -3.52663335e-002    -1.04894263e-002    -1.53849373e-002 
       1849    -3.36480244e-002    -3.56850778e-002    -1.08317960e-002    -1.58870940e-002 
       1850    -3.42687116e-002    -3.62430083e-002    -1.11814307e-002    -1.63999064e-002 
       1851    -3.33617001e-002    -3.52405136e-002    -1.36629492e-002    -2.00395724e-002 
       1852    -3.97121124e-002    -4.21633747e-002    -1.40424756e-002    -2.05962271e-002 
       1853    -3.97978108e-002    -4.21940458e-002    -1.42760303e-002    -2.09387839e-002 
       1854    -4.10811504e-002    -4.32922409e-002    -1.45095850e-002    -2.12813407e-002 
       1855    -4.10752960e-002    -4.32217212e-002    -1.46555567e-002    -2.14954387e-002 
       1856    -4.23993536e-002    -4.45250430e-002    -1.47431397e-002    -2.16238975e-002 
       1857    -4.31134126e-002    -4.52822481e-002    -1.48015284e-002    -2.17095367e-002 
       1858    -4.38178905e-002    -4.60288635e-002    -1.48307227e-002    -2.17523563e-002 
       1859    -4.51440772e-002    -4.73345386e-002    -1.48891114e-002    -2.18379955e-002 
       1860    -4.69217290e-002    -4.90455859e-002    -1.50556986e-002    -2.19571251e-002 
       1861    -4.86653765e-002    -5.08466946e-002    -1.85542970e-002    -2.69864358e-002 
       1862    -4.27065533e-002    -4.41951862e-002    -1.92384655e-002    -2.80581536e-002 
       1863    -4.37556031e-002    -4.51309024e-002    -1.99908238e-002    -2.91411403e-002 
       1864    -4.49908178e-002    -4.62387919e-002    -2.05971575e-002    -3.00898136e-002 
       1865    -4.60735613e-002    -4.72127046e-002    -2.12862518e-002    -3.10312440e-002 
       1866    -4.65008796e-002    -4.75913183e-002    -2.19452328e-002    -3.18761352e-002 
       1867    -4.75199946e-002    -4.84632136e-002    -2.25362452e-002    -3.26566709e-002 
       1868    -4.80691226e-002    -4.89086932e-002    -2.28994735e-002    -3.32574829e-002 
       1869    -4.89316012e-002    -4.96369353e-002    -2.33184097e-002    -3.39158403e-002 
       1870    -4.95203509e-002    -5.01272584e-002    -2.37112650e-002    -3.45065029e-002 
       1871    -5.23149652e-002    -5.29286467e-002    -4.32578121e-002    -6.31348391e-002 
       1872    -6.38720169e-002    -6.51580632e-002    -4.93090996e-002    -7.20029727e-002 
       1873    -6.64202968e-002    -6.76237721e-002    -5.44984487e-002    -7.95410247e-002 
       1874    -6.53783522e-002    -6.67926580e-002    -5.64989910e-002    -8.24612705e-002 
       1875    -6.81623806e-002    -6.94208385e-002    -5.80718492e-002    -8.47981140e-002 
       1876    -6.92017954e-002    -7.04492139e-002    -6.26783295e-002    -9.15062579e-002 
       1877    -7.02100470e-002    -7.14455868e-002    -6.44375742e-002    -9.40255661e-002 
       1878    -7.10542650e-002    -7.22960212e-002    -6.59687282e-002    -9.61516823e-002 
       1879    -7.37290820e-002    -7.47852520e-002    -6.75138604e-002    -9.81244791e-002 
       1880    -7.82835481e-002    -7.89630314e-002    -6.90949572e-002    -1.00035664e-001 
       1881    -8.29685516e-002    -8.38915075e-002    -6.99050159e-002    -1.01389734e-001 
       1882    -7.98759881e-002    -8.00343699e-002    -7.10035623e-002    -1.02847896e-001 
       1883    -8.26154728e-002    -8.25263573e-002    -7.22202333e-002    -1.04396840e-001 
       1884    -8.32102233e-002    -8.30721723e-002    -7.33346532e-002    -1.05889630e-001 
       1885    -8.36152156e-002    -8.34430945e-002    -7.44762314e-002    -1.07369739e-001 
       1886    -8.41724202e-002    -8.39139487e-002    -7.91695077e-002    -1.14230222e-001 
       1887    -8.60904078e-002    -8.55709931e-002    -8.12386618e-002    -1.16669874e-001 
       1888    -9.07720953e-002    -8.96806707e-002    -8.27545244e-002    -1.18674864e-001 
       1889    -9.05560002e-002    -8.94358463e-002    -8.41878517e-002    -1.20417746e-001 
       1890    -9.48798861e-002    -9.32433147e-002    -8.51924063e-002    -1.21875899e-001 
       1891    -9.82440786e-002    -9.62464235e-002    -8.58414731e-002    -1.22786191e-001 
       1892    -1.01286935e-001    -9.89820705e-002    -8.64447911e-002    -1.23589872e-001 
       1893    -1.04087260e-001    -1.01517484e-001    -8.70130123e-002    -1.24308149e-001 
       1894    -1.06723919e-001    -1.03919852e-001    -8.75567744e-002    -1.24962259e-001 
       1895    -1.09275828e-001    -1.06256328e-001    -8.80867013e-002    -1.25573459e-001 
       1896    -1.11821946e-001    -1.08594037e-001    -8.86134035e-002    -1.26163032e-001 
       1897    -1.14441270e-001    -1.11000077e-001    -8.91474780e-002    -1.26752283e-001 
       1898    -1.17212830e-001    -1.13541524e-001    -8.96995093e-002    -1.27362542e-001 
       1899    -1.20215685e-001    -1.16285436e-001    -9.02800690e-002    -1.28015159e-001 
       1900    -1.23528917e-001    -1.19298852e-001    -9.08997167e-002    -1.28731507e-001 
       1901    -1.27500641e-001    -1.22551340e-001    -9.15510196e-002    -1.29519958e-001 
       1902    -1.31926591e-001    -1.26196834e-001    -9.22355239e-002    -1.30336799e-001 
       1903    -1.36704090e-001    -1.30140716e-001    -9.29472324e-002    -1.31178247e-001 
       1904    -1.41729244e-001    -1.34289191e-001    -9.36801815e-002    -1.32040462e-001 
       1905    -1.46897092e-001    -1.38549188e-001    -9.44284391e-002    -1.32919546e-001 
       1906    -1.52101729e-001    -1.42828275e-001    -9.51861029e-002    -1.33811550e-001 
       1907    -1.57236416e-001    -1.47034583e-001    -9.59472990e-002    -1.34712473e-001 
       1908    -1.62193677e-001    -1.51076746e-001    -9.67061799e-002    -1.35618270e-001 
       1909    -1.66865377e-001    -1.54863841e-001    -9.74569235e-002    -1.36524851e-001 
       1910    -1.71142795e-001    -1.58305345e-001    -9.81937314e-002    -1.37428081e-001 
       1911    -1.75033758e-001    -1.61411620e-001    -9.89218738e-002    -1.38335820e-001 
       1912    -1.78663427e-001    -1.64292859e-001    -9.96507787e-002    -1.39256936e-001 
       1913    -1.82099084e-001    -1.67008281e-001    -1.00380887e-001    -1.40188802e-001 
       1914    -1.85408506e-001    -1.69616771e-001    -1.01112622e-001    -1.41128824e-001 
       1915    -1.88659913e-001    -1.72176912e-001    -1.01846388e-001    -1.42074440e-001 
       1916    -1.91921929e-001    -1.74747013e-001    -1.02582575e-001    -1.43023116e-001 
       1917    -1.95263540e-001    -1.77385140e-001    -1.03321553e-001    -1.43972347e-001 
       1918    -1.98754066e-001    -1.80149131e-001    -1.04063682e-001    -1.44919654e-001 
       1919    -2.02463126e-001    -1.83096622e-001    -1.04809303e-001    -1.45862584e-001 
       1920    -2.06460615e-001    -1.86285062e-001    -1.05558747e-001    -1.46798708e-001 
       1921    -2.10866217e-001    -1.89813039e-001    -1.06310795e-001    -1.47730831e-001 
       1922    -2.15689531e-001    -1.93686736e-001    -1.07065156e-001    -1.48663561e-001 
       1923    -2.20835151e-001    -1.97825113e-001    -1.07823533e-001    -1.49597194e-001 
       1924    -2.26207216e-001    -2.02147435e-001    -1.08587618e-001    -1.50532049e-001 
       1925    -2.31709453e-001    -2.06573251e-001    -1.09359097e-001    -1.51468455e-001 
       1926    -2.36651804e-001    -2.11424397e-001    -1.10106860e-001    -1.52464607e-001 
       1927    -2.41522124e-001    -2.16224672e-001    -1.10866954e-001    -1.53460206e-001 
       1928    -2.46225100e-001    -2.20892971e-001    -1.11640721e-001    -1.54456189e-001 
       1929    -2.50666154e-001    -2.25347692e-001    -1.12429517e-001    -1.55453465e-001 
       1930    -2.54751370e-001    -2.29506783e-001    -1.13234717e-001    -1.56452912e-001 
       1931    -2.58374468e-001    -2.33273210e-001    -1.14066385e-001    -1.57461565e-001 
       1932    -2.61584592e-001    -2.36682935e-001    -1.14932413e-001    -1.58486080e-001 
       1933    -2.64520602e-001    -2.39853657e-001    -1.15830985e-001    -1.59526661e-001 
       1934    -2.67320331e-001    -2.42903770e-001    -1.16760343e-001    -1.60583402e-001 
       1935    -2.70120676e-001    -2.45952306e-001    -1.17718783e-001    -1.61656305e-001 
       1936    -2.73057671e-001    -2.49118874e-001    -1.18704647e-001    -1.62745293e-001 
       1937    -2.76266565e-001    -2.52523622e-001    -1.19716313e-001    -1.63850224e-001 
       1938    -2.79881884e-001    -2.56287183e-001    -1.20752190e-001    -1.64970895e-001 
       1939    -2.84037488e-001    -2.60530644e-001    -1.21810720e-001    -1.66107056e-001 
       1940    -2.88866626e-001    -2.65375506e-001    -1.22890365e-001    -1.67258415e-001 
       1941    -2.94747737e-001    -2.71171528e-001    -1.23970172e-001    -1.68398594e-001 
       1942    -3.01896723e-001    -2.78122042e-001    -1.25044567e-001    -1.69516569e-001 
       1943    -3.10203085e-001    -2.86128865e-001    -1.26135056e-001    -1.70635130e-001 
       1944    -3.19556937e-001    -2.95093402e-001    -1.27263087e-001    -1.71777167e-001 
       1945    -3.29848962e-001    -3.04916668e-001    -1.28450054e-001    -1.72965664e-001 
       1946    -3.40970372e-001    -3.15499323e-001    -1.29717309e-001    -1.74223680e-001 
       1947    -3.52812868e-001    -3.26741695e-001    -1.31086161e-001    -1.75574350e-001 
       1948    -3.65268605e-001    -3.38543804e-001    -1.32577887e-001    -1.77040867e-001 
       1949    -3.78230165e-001    -3.50805381e-001    -1.34213729e-001    -1.78646485e-001 
       1950    -3.91590522e-001    -3.63425891e-001    -1.36014901e-001    -1.80414504e-001 
       1951    -4.06286764e-001    -3.77171354e-001    -1.38130922e-001    -1.82656783e-001 
       1952    -4.23072665e-001    -3.92767961e-001    -1.40774401e-001    -1.85365533e-001 
       1953    -4.41672887e-001    -4.09983175e-001    -1.43844827e-001    -1.88466336e-001 
       1954    -4.61813640e-001    -4.28583407e-001    -1.47243221e-001    -1.91882075e-001 
       1955    -4.83222428e-001    -4.48334194e-001    -1.50871879e-001    -1.95533385e-001 
       1956    -5.05627839e-001    -4.69000338e-001    -1.54634164e-001    -1.99339015e-001 
       1957    -5.28759375e-001    -4.90346019e-001    -1.58434341e-001    -2.03216124e-001 
       1958    -5.52347317e-001    -5.12134893e-001    -1.62177438e-001    -2.07080523e-001 
       1959    -5.76122604e-001    -5.34130167e-001    -1.65769137e-001    -2.10846872e-001 
       1960    -5.99816746e-001    -5.56094665e-001    -1.69115678e-001    -2.14428844e-001 
       1961    -6.23850216e-001    -5.78717723e-001    -1.72290266e-001    -2.17801164e-001 
       1962    -6.49065969e-001    -6.02505381e-001    -1.75379709e-001    -2.21137351e-001 
       1963    -6.75304111e-001    -6.27301292e-001    -1.78418251e-001    -2.24459406e-001 
       1964    -7.02405081e-001    -6.52948883e-001    -1.81439912e-001    -2.27789729e-001 
       1965    -7.30209616e-001    -6.79291381e-001    -1.84478516e-001    -2.31151066e-001 
       1966    -7.58558713e-001    -7.06171834e-001    -1.87567719e-001    -2.34566457e-001 
       1967    -7.87293605e-001    -7.33433132e-001    -1.90741034e-001    -2.38059194e-001 
       1968    -8.16255730e-001    -7.60918025e-001    -1.94031850e-001    -2.41652794e-001 
       1969    -8.45286716e-001    -7.88469135e-001    -1.97473447e-001    -2.45370959e-001 
       1970    -8.74228356e-001    -8.15928973e-001    -2.01099009e-001    -2.49237563e-001 
       1971    -9.06948294e-001    -8.42230106e-001    -2.05162094e-001    -2.53063253e-001 
       1972    -9.41325561e-001    -8.69959252e-001    -2.09543341e-001    -2.57151305e-001 
       1973    -9.76820569e-001    -8.98612581e-001    -2.14180676e-001    -2.61445633e-001 
       1974    -1.01288723e+000    -9.27690659e-001    -2.19011653e-001    -2.65890801e-001 
       1975    -1.04897370e+000    -9.56697960e-001    -2.23973494e-001    -2.70431964e-001 
       1976    -1.08452301e+000    -9.85142431e-001    -2.29003117e-001    -2.75014810e-001 
       1977    -1.11897361e+000    -1.01253512e+000    -2.34037165e-001    -2.79585513e-001 
       1978    -1.15175984e+000    -1.03838983e+000    -2.39012028e-001    -2.84090692e-001 
       1979    -1.18231242e+000    -1.06222289e+000    -2.43863870e-001    -2.88477369e-001 
       1980    -1.21005872e+000    -1.08355282e+000    -2.48528644e-001    -2.92692935e-001 
       1981    -1.23632570e+000    -1.10439052e+000    -2.53324469e-001    -2.96380239e-001 
       1982    -1.26343339e+000    -1.12588815e+000    -2.58077845e-001    -3.00132805e-001 
       1983    -1.29063275e+000    -1.14740489e+000    -2.62789418e-001    -3.03908743e-001 
       1984    -1.31717030e+000    -1.16830290e+000    -2.67460833e-001    -3.07664396e-001 
       1985    -1.34228847e+000    -1.18794713e+000    -2.72094617e-001    -3.11354551e-001 
       1986    -1.36522588e+000    -1.20570512e+000    -2.76694079e-001    -3.14932620e-001 
       1987    -1.38521755e+000    -1.22094683e+000    -2.81263217e-001    -3.18350794e-001 
       1988    -1.40149520e+000    -1.23304447e+000    -2.85806645e-001    -3.21560176e-001 
       1989    -1.41328741e+000    -1.24137238e+000    -2.90329528e-001    -3.24510903e-001 
       1990    -1.41981989e+000    -1.24530682e+000    -2.94837521e-001    -3.27152245e-001 
       1991    -1.42100972e+000    -1.24692491e+000    -2.99324006e-001    -3.30254653e-001 
       1992    -1.42089715e+000    -1.24752307e+000    -3.04333793e-001    -3.33593374e-001 
       1993    -1.42068847e+000    -1.24815484e+000    -3.09800090e-001    -3.37212148e-001 
       1994    -1.42158996e+000    -1.24987379e+000    -3.15656103e-001    -3.41154711e-001 
       1995    -1.42480789e+000    -1.25373350e+000    -3.21835038e-001    -3.45464801e-001 
       1996    -1.43415702e+000    -1.26315433e+000    -3.35282315e-001    -3.60291835e-001 
       1997    -1.45155798e+000    -1.27987703e+000    -3.61003475e-001    -3.92856234e-001 
       1998    -1.47537588e+000    -1.30243572e+000    -3.96021909e-001    -4.38808250e-001 
       1999    -1.50397583e+000    -1.32936454e+000    -4.37361011e-001    -4.93798133e-001 
       2000    -1.53572293e+000    -1.35919761e+000    -4.82044172e-001    -5.53476135e-001 
