
__MAGICC 5.X DATA FILE__ 

Data: Radiative Forcing 
Gas: OCB 
Unit:  Watt per square meter (W/m2) 
Description: OCB - Radiative Forcing of year 2000 (as provided on http://data.giss.nasa.gov/efficacy/) for four MAGICC boxes; scaled over time with optical thickness of file giss_ocb_ot 
Source: Original-GISS-Description:  NET RADIA. AT   0 MB (W/M+2) ANN  E2OCBx6a-E2AarM20A (yr 1850->2000 dOCB*6 - adj 
Compiled by: Malte Meinshausen, Lauder NZ, NCAR/PIK, malte.meinshausen@gmail.com 
Date: 18-Jul-2006 11:05:18  

&THISFILE_SPECIFICATIONS 
 THISFILE_DATACOLUMNS    =    4  ,
 THISFILE_FIRSTYEAR      = 1765  ,
 THISFILE_LASTYEAR       = 2000  ,
 THISFILE_ANNUALSTEPS    =    1  ,
 THISFILE_FIRSTDATAROW   =   21  ,
/  

       YEARS    FORC-NO             FORC-NL           FORC-SO          FORC-SL
       1765     0.00000000e+000     0.00000000e+000     0.00000000e+000     0.00000000e+000 
       1766    -2.55998400e-003    -5.14677597e-003    -2.28451180e-007    -6.62083043e-007 
       1767    -5.05973590e-003    -1.01724570e-002    -9.36670928e-007    -2.71460159e-006 
       1768    -7.49997274e-003    -1.50784846e-002    -2.15895855e-006    -6.25695978e-006 
       1769    -9.88141157e-003    -1.98663006e-002    -3.92961336e-006    -1.13885617e-005 
       1770    -1.22047694e-002    -2.45373463e-002    -6.28293466e-006    -1.82088116e-005 
       1771    -1.44707634e-002    -2.90930636e-002    -9.25322176e-006    -2.68171134e-005 
       1772    -1.66801105e-002    -3.35348939e-002    -1.28747740e-005    -3.73128715e-005 
       1773    -1.88335278e-002    -3.78642789e-002    -1.71818906e-005    -4.97954898e-005 
       1774    -2.09317323e-002    -4.20826602e-002    -2.22088710e-005    -6.43643725e-005 
       1775    -2.29754411e-002    -4.61914794e-002    -2.79900144e-005    -8.11189238e-005 
       1776    -2.49653713e-002    -5.01921781e-002    -3.45596201e-005    -1.00158548e-004 
       1777    -2.69022398e-002    -5.40861979e-002    -4.19519875e-005    -1.21582648e-004 
       1778    -2.87867637e-002    -5.78749804e-002    -5.02014159e-005    -1.45490630e-004 
       1779    -3.06196602e-002    -6.15599673e-002    -5.93422045e-005    -1.71981897e-004 
       1780    -3.24016462e-002    -6.51426000e-002    -6.94086527e-005    -2.01155853e-004 
       1781    -3.41334387e-002    -6.86243203e-002    -8.04350598e-005    -2.33111902e-004 
       1782    -3.58157549e-002    -7.20065698e-002    -9.24557251e-005    -2.67949449e-004 
       1783    -3.74493117e-002    -7.52907900e-002    -1.05504948e-004    -3.05767897e-004 
       1784    -3.90348263e-002    -7.84784225e-002    -1.19617028e-004    -3.46666651e-004 
       1785    -4.05730157e-002    -8.15709090e-002    -1.34826263e-004    -3.90745115e-004 
       1786    -4.20645968e-002    -8.45696911e-002    -1.51166954e-004    -4.38102693e-004 
       1787    -4.35102869e-002    -8.74762104e-002    -1.68673400e-004    -4.88838788e-004 
       1788    -4.49108028e-002    -9.02919084e-002    -1.87379900e-004    -5.43052807e-004 
       1789    -4.62668618e-002    -9.30182268e-002    -2.07320754e-004    -6.00844151e-004 
       1790    -4.75791807e-002    -9.56566073e-002    -2.28530260e-004    -6.62312226e-004 
       1791    -4.88484768e-002    -9.82084913e-002    -2.51042718e-004    -7.27556435e-004 
       1792    -5.00754669e-002    -1.00675320e-001    -2.74892427e-004    -7.96676184e-004 
       1793    -5.12608682e-002    -1.03058537e-001    -3.00113687e-004    -8.69770875e-004 
       1794    -5.24053977e-002    -1.05359581e-001    -3.26740797e-004    -9.46939913e-004 
       1795    -5.35097725e-002    -1.07579896e-001    -3.54808056e-004    -1.02828270e-003 
       1796    -5.45747096e-002    -1.09720922e-001    -3.84349763e-004    -1.11389865e-003 
       1797    -5.56009260e-002    -1.11784101e-001    -4.15400218e-004    -1.20388715e-003 
       1798    -5.65891389e-002    -1.13770875e-001    -4.47993721e-004    -1.29834762e-003 
       1799    -5.75400652e-002    -1.15682686e-001    -4.82164570e-004    -1.39737945e-003 
       1800    -5.84544220e-002    -1.17520975e-001    -5.17947064e-004    -1.50108206e-003 
       1801    -5.93329264e-002    -1.19287183e-001    -5.55375504e-004    -1.60955484e-003 
       1802    -6.01762954e-002    -1.20982753e-001    -5.94484188e-004    -1.72289721e-003 
       1803    -6.09852461e-002    -1.22609125e-001    -6.35307416e-004    -1.84120855e-003 
       1804    -6.17604954e-002    -1.24167742e-001    -6.77879487e-004    -1.96458829e-003 
       1805    -6.25027605e-002    -1.25660045e-001    -7.22234700e-004    -2.09313582e-003 
       1806    -6.32127584e-002    -1.27087476e-001    -7.68407355e-004    -2.22695054e-003 
       1807    -6.38912061e-002    -1.28451476e-001    -8.16431750e-004    -2.36613187e-003 
       1808    -6.45388208e-002    -1.29753487e-001    -8.66342186e-004    -2.51077920e-003 
       1809    -6.51563194e-002    -1.30994951e-001    -9.18172961e-004    -2.66099193e-003 
       1810    -6.57444190e-002    -1.32177309e-001    -9.71958376e-004    -2.81686949e-003 
       1811    -6.63038366e-002    -1.33302002e-001    -1.02773273e-003    -2.97851126e-003 
       1812    -6.68352893e-002    -1.34370473e-001    -1.08553032e-003    -3.14601665e-003 
       1813    -6.73394942e-002    -1.35384163e-001    -1.14538544e-003    -3.31948506e-003 
       1814    -6.78171683e-002    -1.36344513e-001    -1.20733241e-003    -3.49901591e-003 
       1815    -6.82690286e-002    -1.37252966e-001    -1.27140551e-003    -3.68470859e-003 
       1816    -6.86957921e-002    -1.38110962e-001    -1.33763904e-003    -3.87666250e-003 
       1817    -6.90981761e-002    -1.38919943e-001    -1.40606730e-003    -4.07497706e-003 
       1818    -6.94768974e-002    -1.39681352e-001    -1.47672460e-003    -4.27975167e-003 
       1819    -6.98326731e-002    -1.40396629e-001    -1.54964524e-003    -4.49108572e-003 
       1820    -7.01662204e-002    -1.41067216e-001    -1.62486350e-003    -4.70907863e-003 
       1821    -7.04782561e-002    -1.41694556e-001    -1.70241370e-003    -4.93382980e-003 
       1822    -7.07694975e-002    -1.42280088e-001    -1.78233012e-003    -5.16543863e-003 
       1823    -7.10406615e-002    -1.42825256e-001    -1.86464708e-003    -5.40400453e-003 
       1824    -7.12924651e-002    -1.43331500e-001    -1.94939887e-003    -5.64962690e-003 
       1825    -7.15256255e-002    -1.43800262e-001    -2.03661978e-003    -5.90240514e-003 
       1826    -7.17408597e-002    -1.44232985e-001    -2.12634412e-003    -6.16243866e-003 
       1827    -7.19388847e-002    -1.44631108e-001    -2.21860619e-003    -6.42982687e-003 
       1828    -7.21204176e-002    -1.44996075e-001    -2.31344029e-003    -6.70466916e-003 
       1829    -7.22861754e-002    -1.45329326e-001    -2.41088071e-003    -6.98706495e-003 
       1830    -7.24368752e-002    -1.45632304e-001    -2.51096175e-003    -7.27711363e-003 
       1831    -7.25732340e-002    -1.45906450e-001    -2.61371772e-003    -7.57491461e-003 
       1832    -7.26959688e-002    -1.46153205e-001    -2.71918292e-003    -7.88056729e-003 
       1833    -7.28057968e-002    -1.46374011e-001    -2.82739163e-003    -8.19417109e-003 
       1834    -7.29034350e-002    -1.46570309e-001    -2.93837817e-003    -8.51582539e-003 
       1835    -7.29896003e-002    -1.46743543e-001    -3.05217683e-003    -8.84562961e-003 
       1836    -7.30650100e-002    -1.46895152e-001    -3.16882192e-003    -9.18368315e-003 
       1837    -7.31303809e-002    -1.47026578e-001    -3.28834772e-003    -9.53008542e-003 
       1838    -7.31864303e-002    -1.47139264e-001    -3.41078854e-003    -9.88493581e-003 
       1839    -7.32338750e-002    -1.47234650e-001    -3.53617868e-003    -1.02483337e-002 
       1840    -7.32734322e-002    -1.47314179e-001    -3.66455244e-003    -1.06203786e-002 
       1841    -7.33058189e-002    -1.47379291e-001    -3.79594411e-003    -1.10011698e-002 
       1842    -7.33317522e-002    -1.47431429e-001    -3.93038800e-003    -1.13908068e-002 
       1843    -7.33519490e-002    -1.47472034e-001    -4.06791841e-003    -1.17893889e-002 
       1844    -7.33671266e-002    -1.47502548e-001    -4.20856964e-003    -1.21970155e-002 
       1845    -7.33780018e-002    -1.47524413e-001    -4.35237597e-003    -1.26137861e-002 
       1846    -7.33852918e-002    -1.47539069e-001    -4.49937173e-003    -1.30398001e-002 
       1847    -7.33897136e-002    -1.47547959e-001    -4.64959119e-003    -1.34751568e-002 
       1848    -7.33919843e-002    -1.47552524e-001    -4.80306867e-003    -1.39199557e-002 
       1849    -7.33928208e-002    -1.47554206e-001    -4.95983846e-003    -1.43742962e-002 
       1850    -7.33929403e-002    -1.47554446e-001    -5.11993486e-003    -1.48382777e-002 
       1851    -7.08671583e-002    -1.42476432e-001    -6.25621283e-003    -1.81313680e-002 
       1852    -8.72550960e-002    -1.75423921e-001    -6.42999652e-003    -1.86350172e-002 
       1853    -8.66295796e-002    -1.74166338e-001    -6.53694033e-003    -1.89449551e-002 
       1854    -8.58825173e-002    -1.72664390e-001    -6.64388414e-003    -1.92548930e-002 
       1855    -8.50020511e-002    -1.70894238e-001    -6.71072402e-003    -1.94486042e-002 
       1856    -8.65287855e-002    -1.73963694e-001    -6.75082795e-003    -1.95648309e-002 
       1857    -8.80851652e-002    -1.77092752e-001    -6.77756390e-003    -1.96423154e-002 
       1858    -8.96148642e-002    -1.80168169e-001    -6.79093188e-003    -1.96810576e-002 
       1859    -9.11475277e-002    -1.83249546e-001    -6.81766783e-003    -1.97585421e-002 
       1860    -9.26742621e-002    -1.86319003e-001    -6.83103581e-003    -1.97972843e-002 
       1861    -9.58285251e-002    -1.92660560e-001    -8.38172104e-003    -2.42913841e-002 
       1862    -7.83526038e-002    -1.57525711e-001    -8.72928842e-003    -2.52986823e-002 
       1863    -7.82547742e-002    -1.57329027e-001    -9.06348782e-003    -2.62672383e-002 
       1864    -7.82221644e-002    -1.57263466e-001    -9.37095127e-003    -2.71583098e-002 
       1865    -7.82310580e-002    -1.57281346e-001    -9.65167877e-003    -2.79718968e-002 
       1866    -7.81569447e-002    -1.57132343e-001    -9.89230234e-003    -2.86692572e-002 
       1867    -7.75610735e-002    -1.55934361e-001    -1.01195579e-002    -2.93278752e-002 
       1868    -7.69118408e-002    -1.54629097e-001    -1.03200776e-002    -2.99090088e-002 
       1869    -7.62774308e-002    -1.53353633e-001    -1.05339652e-002    -3.05288846e-002 
       1870    -7.57527085e-002    -1.52298694e-001    -1.07211169e-002    -3.10712760e-002 
       1871    -7.96569983e-002    -1.60148159e-001    -1.96509249e-002    -5.69510919e-002 
       1872    -1.04496819e-001    -2.10087922e-001    -2.24180960e-002    -6.49707355e-002 
       1873    -1.06859552e-001    -2.14838129e-001    -2.47574918e-002    -7.17506274e-002 
       1874    -1.08282528e-001    -2.17698982e-001    -2.56665142e-002    -7.43850996e-002 
       1875    -1.09978241e-001    -2.21108165e-001    -2.64017529e-002    -7.65159228e-002 
       1876    -1.11549443e-001    -2.24267024e-001    -2.84871572e-002    -8.25597122e-002 
       1877    -1.13040603e-001    -2.27264959e-001    -2.92624998e-002    -8.48067620e-002 
       1878    -1.14525834e-001    -2.30250974e-001    -2.99041626e-002    -8.66663895e-002 
       1879    -1.15963632e-001    -2.33141628e-001    -3.04656176e-002    -8.82935636e-002 
       1880    -1.17469615e-001    -2.36169364e-001    -3.09869687e-002    -8.98045109e-002 
       1881    -1.27412658e-001    -2.56159573e-001    -3.14414799e-002    -9.11217471e-002 
       1882    -1.13182901e-001    -2.27551044e-001    -3.18692551e-002    -9.23614987e-002 
       1883    -1.13915140e-001    -2.29023192e-001    -3.23103983e-002    -9.36399926e-002 
       1884    -1.14282742e-001    -2.29762245e-001    -3.27515415e-002    -9.49184865e-002 
       1885    -1.14570302e-001    -2.30340376e-001    -3.31793168e-002    -9.61582382e-002 
       1886    -1.14371678e-001    -2.29941049e-001    -3.53181930e-002    -1.02356996e-001 
       1887    -1.13775807e-001    -2.28743066e-001    -3.59732238e-002    -1.04255366e-001 
       1888    -1.12972419e-001    -2.27127877e-001    -3.65614147e-002    -1.05960025e-001 
       1889    -1.12441767e-001    -2.26061017e-001    -3.70426619e-002    -1.07354745e-001 
       1890    -1.11887400e-001    -2.24946476e-001    -3.74971731e-002    -1.08671982e-001 
       1891    -1.10772735e-001    -2.22705475e-001    -3.78848444e-002    -1.09795506e-001 
       1892    -1.14807465e-001    -2.30817185e-001    -3.82457797e-002    -1.10841547e-001 
       1893    -1.15130599e-001    -2.31466837e-001    -3.85933471e-002    -1.11848845e-001 
       1894    -1.20336318e-001    -2.41932790e-001    -3.89275465e-002    -1.12817401e-001 
       1895    -1.21477664e-001    -2.44227432e-001    -3.92483779e-002    -1.13747215e-001 
       1896    -1.21972741e-001    -2.45222771e-001    -3.95692094e-002    -1.14677029e-001 
       1897    -1.22847278e-001    -2.46981003e-001    -3.98766728e-002    -1.15568100e-001 
       1898    -1.23131873e-001    -2.47553174e-001    -4.01707683e-002    -1.16420429e-001 
       1899    -1.23413503e-001    -2.48119384e-001    -4.04648638e-002    -1.17272759e-001 
       1900    -1.22977717e-001    -2.47243248e-001    -4.07455913e-002    -1.18086346e-001 
       1901    -1.40673014e-001    -2.82819146e-001    -4.51436554e-002    -1.30832542e-001 
       1902    -1.40518858e-001    -2.82509220e-001    -4.61596216e-002    -1.33776953e-001 
       1903    -1.47678205e-001    -2.96902886e-001    -4.70151721e-002    -1.36256456e-001 
       1904    -1.53862221e-001    -3.09335675e-001    -4.77905147e-002    -1.38503506e-001 
       1905    -1.59723102e-001    -3.21118813e-001    -4.84990174e-002    -1.40556845e-001 
       1906    -1.67161115e-001    -3.36072729e-001    -4.90872084e-002    -1.42261503e-001 
       1907    -1.68157198e-001    -3.38075326e-001    -4.96352954e-002    -1.43849935e-001 
       1908    -1.69257040e-001    -3.40286527e-001    -5.01566465e-002    -1.45360882e-001 
       1909    -1.69820301e-001    -3.41418948e-001    -5.06512616e-002    -1.46794345e-001 
       1910    -1.69986315e-001    -3.41752714e-001    -5.11325087e-002    -1.48189066e-001 
       1911    -1.52978790e-001    -3.07559563e-001    -5.72817778e-002    -1.66010496e-001 
       1912    -1.41571267e-001    -2.84625059e-001    -5.85249995e-002    -1.69613524e-001 
       1913    -1.32072904e-001    -2.65528866e-001    -5.95275977e-002    -1.72519192e-001 
       1914    -1.28079678e-001    -2.57500598e-001    -6.03697802e-002    -1.74959953e-001 
       1915    -1.22888781e-001    -2.47064445e-001    -6.11183869e-002    -1.77129519e-001 
       1916    -1.21803762e-001    -2.44883045e-001    -6.16664739e-002    -1.78717950e-001 
       1917    -1.20730601e-001    -2.42725485e-001    -6.21610890e-002    -1.80151413e-001 
       1918    -1.20131766e-001    -2.41521542e-001    -6.26022323e-002    -1.81429907e-001 
       1919    -1.21121920e-001    -2.43512219e-001    -6.30166395e-002    -1.82630917e-001 
       1920    -1.20917367e-001    -2.43100972e-001    -6.34043108e-002    -1.83754441e-001 
       1921    -1.33747865e-001    -2.68896328e-001    -6.96337877e-002    -2.01808325e-001 
       1922    -1.30676609e-001    -2.62721654e-001    -7.08502735e-002    -2.05333869e-001 
       1923    -1.32286350e-001    -2.65957994e-001    -7.18261358e-002    -2.08162052e-001 
       1924    -1.33353582e-001    -2.68103634e-001    -7.26148464e-002    -2.10447844e-001 
       1925    -1.33641142e-001    -2.68681764e-001    -7.32832452e-002    -2.12384956e-001 
       1926    -1.34601651e-001    -2.70612840e-001    -7.38313322e-002    -2.13973388e-001 
       1927    -1.45872805e-001    -2.93273179e-001    -7.43526833e-002    -2.15484336e-001 
       1928    -1.46335272e-001    -2.94202956e-001    -7.48472984e-002    -2.16917798e-001 
       1929    -1.45952847e-001    -2.93434102e-001    -7.53151776e-002    -2.18273777e-001 
       1930    -1.46643583e-001    -2.94822807e-001    -7.57696888e-002    -2.19591013e-001 
       1931    -1.50091335e-001    -3.01754415e-001    -8.19323258e-002    -2.37451185e-001 
       1932    -1.49169365e-001    -2.99900821e-001    -8.31889155e-002    -2.41092956e-001 
       1933    -1.47823467e-001    -2.97194931e-001    -8.42182497e-002    -2.44076108e-001 
       1934    -1.43616795e-001    -2.88737535e-001    -8.51005361e-002    -2.46633096e-001 
       1935    -1.42247181e-001    -2.85983964e-001    -8.58892467e-002    -2.48918888e-001 
       1936    -1.44171163e-001    -2.89852075e-001    -8.64640697e-002    -2.50584804e-001 
       1937    -1.36857660e-001    -2.75148484e-001    -8.69987887e-002    -2.52134494e-001 
       1938    -1.37174865e-001    -2.75786216e-001    -8.74934038e-002    -2.53567957e-001 
       1939    -1.35888258e-001    -2.73199528e-001    -8.79479150e-002    -2.54885193e-001 
       1940    -1.31376239e-001    -2.64128240e-001    -8.83890582e-002    -2.56163687e-001 
       1941    -1.26398788e-001    -2.54121215e-001    -1.08815326e-001    -3.15361829e-001 
       1942    -1.32811073e-001    -2.67012933e-001    -1.12130584e-001    -3.24969904e-001 
       1943    -1.31574862e-001    -2.64527568e-001    -1.14670499e-001    -3.32330930e-001 
       1944    -1.33575922e-001    -2.68550642e-001    -1.16715800e-001    -3.38258492e-001 
       1945    -1.34536431e-001    -2.70481718e-001    -1.18400165e-001    -3.43140014e-001 
       1946    -1.59029401e-001    -3.19724147e-001    -1.19429499e-001    -3.46123167e-001 
       1947    -1.65243062e-001    -3.32216538e-001    -1.20298417e-001    -3.48641412e-001 
       1948    -1.69855875e-001    -3.41490470e-001    -1.21047024e-001    -3.50810978e-001 
       1949    -1.72058523e-001    -3.45918831e-001    -1.21715423e-001    -3.52748090e-001 
       1950    -1.75669324e-001    -3.53178245e-001    -1.22316982e-001    -3.54491490e-001 
       1951    -2.23994175e-001    -4.50334001e-001    -1.96014634e-001    -5.68077456e-001 
       1952    -2.37797040e-001    -4.78084273e-001    -2.12991964e-001    -6.17280100e-001 
       1953    -2.34479728e-001    -4.71414910e-001    -2.26520356e-001    -6.56487247e-001 
       1954    -2.48979258e-001    -5.00565809e-001    -2.31894282e-001    -6.72061627e-001 
       1955    -2.62150677e-001    -5.27046578e-001    -2.35784363e-001    -6.83335619e-001 
       1956    -2.78701664e-001    -5.60321873e-001    -2.38070287e-001    -6.89960541e-001 
       1957    -2.85982557e-001    -5.74959903e-001    -2.39674444e-001    -6.94609610e-001 
       1958    -2.93150798e-001    -5.89371450e-001    -2.40783986e-001    -6.97825216e-001 
       1959    -2.63161583e-001    -5.29078976e-001    -2.41572697e-001    -7.00111008e-001 
       1960    -2.57647552e-001    -5.17993171e-001    -2.42094048e-001    -7.01621956e-001 
       1961    -2.79344968e-001    -5.61615217e-001    -2.88173462e-001    -8.35166455e-001 
       1962    -2.82259104e-001    -5.67474005e-001    -2.95044601e-001    -8.55079966e-001 
       1963    -2.87209874e-001    -5.77427389e-001    -3.00084328e-001    -8.69685790e-001 
       1964    -2.93998654e-001    -5.91076041e-001    -3.03880834e-001    -8.80688586e-001 
       1965    -2.99352600e-001    -6.01840000e-001    -3.06901996e-001    -8.89444332e-001 
       1966    -3.10327301e-001    -6.23904328e-001    -3.08345738e-001    -8.93628494e-001 
       1967    -3.10997286e-001    -6.25251312e-001    -3.09428544e-001    -8.96766615e-001 
       1968    -3.15206922e-001    -6.33714669e-001    -3.10217254e-001    -8.99052407e-001 
       1969    -3.18438263e-001    -6.40211189e-001    -3.10497982e-001    -8.99865995e-001 
       1970    -3.12292786e-001    -6.27855881e-001    -3.10618294e-001    -9.00214675e-001 
       1971    -2.77868631e-001    -5.58647082e-001    -3.08693305e-001    -8.94635792e-001 
       1972    -2.69443428e-001    -5.41708449e-001    -3.01207238e-001    -8.72940138e-001 
       1973    -2.80756086e-001    -5.64452229e-001    -2.94215787e-001    -8.52677947e-001 
       1974    -2.81849998e-001    -5.66651510e-001    -2.93721172e-001    -8.51244484e-001 
       1975    -2.84245341e-001    -5.71467279e-001    -2.93427076e-001    -8.50392155e-001 
       1976    -3.27162883e-001    -6.57751793e-001    -2.92250694e-001    -8.46982838e-001 
       1977    -3.38256165e-001    -6.80054525e-001    -2.91114416e-001    -8.43689747e-001 
       1978    -3.39652460e-001    -6.82861737e-001    -2.90018242e-001    -8.40512884e-001 
       1979    -3.36329219e-001    -6.76180453e-001    -3.27689199e-001    -9.49688514e-001 
       1980    -3.28363519e-001    -6.60165638e-001    -3.32261047e-001    -9.62938360e-001 
       1981    -3.53093652e-001    -7.09884876e-001    -3.58248393e-001    -1.03825327e+000 
       1982    -4.11755829e-001    -8.27823535e-001    -3.77458174e-001    -1.09392587e+000 
       1983    -4.28220844e-001    -8.60925987e-001    -3.83607443e-001    -1.11174730e+000 
       1984    -4.43980301e-001    -8.92609932e-001    -3.86695446e-001    -1.12069676e+000 
       1985    -4.51868923e-001    -9.08469785e-001    -3.88700642e-001    -1.12650810e+000 
       1986    -4.65058130e-001    -9.34986315e-001    -3.89556193e-001    -1.12898760e+000 
       1987    -4.71132458e-001    -9.47198581e-001    -3.89596297e-001    -1.12910383e+000 
       1988    -4.76741354e-001    -9.58475109e-001    -3.89275465e-001    -1.12817401e+000 
       1989    -4.77547707e-001    -9.60096259e-001    -3.88954634e-001    -1.12724420e+000 
       1990    -4.79107051e-001    -9.63231277e-001    -3.88419915e-001    -1.12569451e+000 
       1991    -5.43342549e-001    -1.09237494e+000    -3.89556193e-001    -1.12898760e+000 
       1992    -4.85670527e-001    -9.76426961e-001    -4.68039581e-001    -1.35644329e+000 
       1993    -4.78188046e-001    -9.61383643e-001    -4.80257911e-001    -1.39185369e+000 
       1994    -4.69798418e-001    -9.44516531e-001    -4.89414974e-001    -1.41839213e+000 
       1995    -4.57878031e-001    -9.20550929e-001    -4.96580210e-001    -1.43915797e+000 
       1996    -4.47386549e-001    -8.99458099e-001    -5.02435383e-001    -1.45612707e+000 
       1997    -4.39281517e-001    -8.83163158e-001    -5.05697169e-001    -1.46558017e+000 
       1998    -4.31277278e-001    -8.67070860e-001    -5.08330661e-001    -1.47321240e+000 
       1999    -4.24802738e-001    -8.54053980e-001    -5.10523009e-001    -1.47956612e+000 
       2000    -4.28831538e-001    -8.62153770e-001    -5.12367789e-001    -1.48491255e+000 
