
__MAGICC 5.X DATA FILE__ 

Data: Radiative Forcing 
Gas: BCB 
Unit:  Watt per square meter (W/m2) 
Description: BCB - Radiative Forcing of year 2000 (as provided on http://data.giss.nasa.gov/efficacy/) for four MAGICC boxes; scaled over time with optical thickness of file giss_bcb_ot 
Source: Original-GISS-Description:  NET RADIA. AT   0 MB (W/M+2) ANN  E2BCBx6a-E2AarM20A (yr 1850->2000 dBCB*6 - adj 
Compiled by: Malte Meinshausen, Lauder NZ, NCAR/PIK, malte.meinshausen@gmail.com 
Date: 18-Jul-2006 11:05:18  

&THISFILE_SPECIFICATIONS 
 THISFILE_DATACOLUMNS    =    4  ,
 THISFILE_FIRSTYEAR      = 1765  ,
 THISFILE_LASTYEAR       = 2000  ,
 THISFILE_ANNUALSTEPS    =    1  ,
 THISFILE_FIRSTDATAROW   =   21  ,
/  

       YEARS    FORC-NO             FORC-NL           FORC-SO          FORC-SL
       1765     0.00000000e+000     0.00000000e+000     0.00000000e+000     0.00000000e+000 
       1766     3.98624634e-003     8.78415057e-003     3.30025732e-007     6.86588199e-007 
       1767     7.87870303e-003     1.73616249e-002     1.35313597e-006     2.81507499e-006 
       1768     1.16784866e-002     2.57348834e-002     3.11888026e-006     6.48854368e-006 
       1769     1.53867136e-002     3.39063865e-002     5.67680816e-006     1.18100775e-005 
       1770     1.90045006e-002     4.18785947e-002     9.07646924e-006     1.88827599e-005 
       1771     2.25329641e-002     4.96539684e-002     1.33674130e-005     2.78096740e-005 
       1772     2.59732207e-002     5.72349679e-002     1.85991891e-005     3.86939032e-005 
       1773     2.93263869e-002     6.46240538e-002     2.48213470e-005     5.16385308e-005 
       1774     3.25935792e-002     7.18236865e-002     3.20834363e-005     6.67466400e-005 
       1775     3.57759142e-002     7.88363264e-002     4.04350066e-005     8.41213143e-005 
       1776     3.88745085e-002     8.56644339e-002     4.99256073e-005     1.03865637e-004 
       1777     4.18904786e-002     9.23104695e-002     6.06047882e-005     1.26082691e-004 
       1778     4.48249409e-002     9.87768936e-002     7.25220986e-005     1.50875560e-004 
       1779     4.76790122e-002     1.05066167e-001     8.57270882e-005     1.78347327e-004 
       1780     5.04538088e-002     1.11180749e-001     1.00269307e-004     2.08601075e-004 
       1781     5.31504475e-002     1.17123101e-001     1.16198303e-004     2.41739888e-004 
       1782     5.57700446e-002     1.22895684e-001     1.33563628e-004     2.77866849e-004 
       1783     5.83137167e-002     1.28500957e-001     1.52414829e-004     3.17085042e-004 
       1784     6.07825805e-002     1.33941381e-001     1.72801458e-004     3.59497549e-004 
       1785     6.31777523e-002     1.39219416e-001     1.94773063e-004     4.05207454e-004 
       1786     6.55003489e-002     1.44337524e-001     2.18379195e-004     4.54317841e-004 
       1787     6.77514866e-002     1.49298164e-001     2.43669402e-004     5.06931791e-004 
       1788     6.99322822e-002     1.54103797e-001     2.70693234e-004     5.63152390e-004 
       1789     7.20438520e-002     1.58756883e-001     2.99500241e-004     6.23082720e-004 
       1790     7.40873127e-002     1.63259883e-001     3.30139972e-004     6.86825864e-004 
       1791     7.60637807e-002     1.67615257e-001     3.62661977e-004     7.54484906e-004 
       1792     7.79743727e-002     1.71825465e-001     3.97115805e-004     8.26162928e-004 
       1793     7.98202052e-002     1.75892968e-001     4.33551007e-004     9.01963016e-004 
       1794     8.16023947e-002     1.79820227e-001     4.72017130e-004     9.81988250e-004 
       1795     8.33220578e-002     1.83609702e-001     5.12563726e-004     1.06634172e-003 
       1796     8.49803109e-002     1.87263853e-001     5.55240344e-004     1.15512650e-003 
       1797     8.65782707e-002     1.90785140e-001     6.00096533e-004     1.24844567e-003 
       1798     8.81170538e-002     1.94176025e-001     6.47181842e-004     1.34640233e-003 
       1799     8.95977765e-002     1.97438967e-001     6.96545822e-004     1.44909955e-003 
       1800     9.10215556e-002     2.00576427e-001     7.48238021e-004     1.55664042e-003 
       1801     9.23895074e-002     2.03590866e-001     8.02307990e-004     1.66912802e-003 
       1802     9.37027486e-002     2.06484744e-001     8.58805278e-004     1.78666544e-003 
       1803     9.49623958e-002     2.09260520e-001     9.17779434e-004     1.90935575e-003 
       1804     9.61695654e-002     2.11920657e-001     9.79280009e-004     2.03730204e-003 
       1805     9.73253740e-002     2.14467614e-001     1.04335655e-003     2.17060739e-003 
       1806     9.84309381e-002     2.16903851e-001     1.11005861e-003     2.30937490e-003 
       1807     9.94873744e-002     2.19231829e-001     1.17943574e-003     2.45370763e-003 
       1808     1.00495799e-001     2.21454009e-001     1.25153748e-003     2.60370868e-003 
       1809     1.01457329e-001     2.23572850e-001     1.32641339e-003     2.75948112e-003 
       1810     1.02373081e-001     2.25590814e-001     1.40411301e-003     2.92112805e-003 
       1811     1.03244171e-001     2.27510361e-001     1.48468590e-003     3.08875253e-003 
       1812     1.04071716e-001     2.29333951e-001     1.56818160e-003     3.26245767e-003 
       1813     1.04856832e-001     2.31064044e-001     1.65464967e-003     3.44234653e-003 
       1814     1.05600636e-001     2.32703102e-001     1.74413965e-003     3.62852221e-003 
       1815     1.06304245e-001     2.34253584e-001     1.83670109e-003     3.82108779e-003 
       1816     1.06968774e-001     2.35717950e-001     1.93238355e-003     4.02014634e-003 
       1817     1.07595341e-001     2.37098663e-001     2.03123657e-003     4.22580096e-003 
       1818     1.08185062e-001     2.38398181e-001     2.13330970e-003     4.43815473e-003 
       1819     1.08739054e-001     2.39618965e-001     2.23865249e-003     4.65731072e-003 
       1820     1.09258433e-001     2.40763475e-001     2.34731449e-003     4.88337203e-003 
       1821     1.09744315e-001     2.41834173e-001     2.45934526e-003     5.11644174e-003 
       1822     1.10197818e-001     2.42833518e-001     2.57479433e-003     5.35662292e-003 
       1823     1.10620057e-001     2.43763972e-001     2.69371126e-003     5.60401867e-003 
       1824     1.11012150e-001     2.44627993e-001     2.81614561e-003     5.85873206e-003 
       1825     1.11375213e-001     2.45428043e-001     2.94214691e-003     6.12086619e-003 
       1826     1.11710362e-001     2.46166583e-001     3.07176472e-003     6.39052413e-003 
       1827     1.12018714e-001     2.46846072e-001     3.20504859e-003     6.66780896e-003 
       1828     1.12301386e-001     2.47468971e-001     3.34204806e-003     6.95282377e-003 
       1829     1.12559493e-001     2.48037741e-001     3.48281269e-003     7.24567165e-003 
       1830     1.12794154e-001     2.48554842e-001     3.62739203e-003     7.54645567e-003 
       1831     1.13006483e-001     2.49022734e-001     3.77583562e-003     7.85527892e-003 
       1832     1.13197598e-001     2.49443878e-001     3.92819302e-003     8.17224449e-003 
       1833     1.13368615e-001     2.49820734e-001     4.08451378e-003     8.49745545e-003 
       1834     1.13520651e-001     2.50155763e-001     4.24484744e-003     8.83101489e-003 
       1835     1.13654822e-001     2.50451424e-001     4.40924355e-003     9.17302589e-003 
       1836     1.13772246e-001     2.50710180e-001     4.57775167e-003     9.52359154e-003 
       1837     1.13874037e-001     2.50934489e-001     4.75042134e-003     9.88281492e-003 
       1838     1.13961314e-001     2.51126813e-001     4.92730212e-003     1.02507991e-002 
       1839     1.14035192e-001     2.51289611e-001     5.10844354e-003     1.06276472e-002 
       1840     1.14096788e-001     2.51425345e-001     5.29389517e-003     1.10134623e-002 
       1841     1.14147218e-001     2.51536475e-001     5.48370655e-003     1.14083474e-002 
       1842     1.14187600e-001     2.51625460e-001     5.67792723e-003     1.18124057e-002 
       1843     1.14219049e-001     2.51694763e-001     5.87660677e-003     1.22257402e-002 
       1844     1.14242683e-001     2.51746842e-001     6.07979470e-003     1.26484540e-002 
       1845     1.14259617e-001     2.51784158e-001     6.28754058e-003     1.30806502e-002 
       1846     1.14270968e-001     2.51809173e-001     6.49989396e-003     1.35224319e-002 
       1847     1.14277854e-001     2.51824345e-001     6.71690439e-003     1.39739021e-002 
       1848     1.14281389e-001     2.51832137e-001     6.93862142e-003     1.44351640e-002 
       1849     1.14282692e-001     2.51835007e-001     7.16509460e-003     1.49063207e-002 
       1850     1.14282878e-001     2.51835417e-001     7.39637348e-003     1.53874751e-002 
       1851     1.10349889e-001     2.43168625e-001     9.03786628e-003     1.88024500e-002 
       1852     1.35868157e-001     2.99401052e-001     9.28891812e-003     1.93247403e-002 
       1853     1.34894142e-001     2.97254698e-001     9.44341157e-003     1.96461497e-002 
       1854     1.33730863e-001     2.94691281e-001     9.59790501e-003     1.99675591e-002 
       1855     1.32359856e-001     2.91670110e-001     9.69446341e-003     2.01684400e-002 
       1856     1.34737191e-001     2.96908840e-001     9.75239845e-003     2.02889685e-002 
       1857     1.37160688e-001     3.02249293e-001     9.79102181e-003     2.03693208e-002 
       1858     1.39542639e-001     3.07498196e-001     9.81033349e-003     2.04094970e-002 
       1859     1.41929207e-001     3.12757270e-001     9.84895685e-003     2.04898494e-002 
       1860     1.44306542e-001     3.17996000e-001     9.86826853e-003     2.05300255e-002 
       1861     1.49218162e-001     3.28819318e-001     1.21084234e-002     2.51904619e-002 
       1862     1.22005755e-001     2.68853661e-001     1.26105271e-002     2.62350424e-002 
       1863     1.21853421e-001     2.68517975e-001     1.30933191e-002     2.72394468e-002 
       1864     1.21802643e-001     2.68406080e-001     1.35374877e-002     2.81634988e-002 
       1865     1.21816491e-001     2.68436597e-001     1.39430330e-002     2.90071985e-002 
       1866     1.21701087e-001     2.68182289e-001     1.42906433e-002     2.97303697e-002 
       1867     1.20773234e-001     2.66137659e-001     1.46189418e-002     3.04133646e-002 
       1868     1.19762289e-001     2.63909927e-001     1.49086170e-002     3.10160073e-002 
       1869     1.18774426e-001     2.61733057e-001     1.52176039e-002     3.16588261e-002 
       1870     1.17957361e-001     2.59932561e-001     1.54879674e-002     3.22212925e-002 
       1871     1.24036876e-001     2.73329469e-001     2.83881697e-002     5.90589776e-002 
       1872     1.62715885e-001     3.58563098e-001     3.23856875e-002     6.73754459e-002 
       1873     1.66394984e-001     3.66670414e-001     3.57652315e-002     7.44062765e-002 
       1874     1.68610753e-001     3.71553114e-001     3.70784258e-002     7.71382564e-002 
       1875     1.71251210e-001     3.77371665e-001     3.81405682e-002     7.93479461e-002 
       1876     1.73697788e-001     3.82762979e-001     4.11531903e-002     8.56154294e-002 
       1877     1.76019729e-001     3.87879642e-001     4.22732677e-002     8.79456476e-002 
       1878     1.78332437e-001     3.92975960e-001     4.32002284e-002     8.98741040e-002 
       1879     1.80571287e-001     3.97909521e-001     4.40113189e-002     9.15615033e-002 
       1880     1.82916308e-001     4.03077045e-001     4.47644745e-002     9.31283742e-002 
       1881     1.98398991e-001     4.37194910e-001     4.54210716e-002     9.44943641e-002 
       1882     1.76241306e-001     3.88367912e-001     4.60390453e-002     9.57800017e-002 
       1883     1.77381503e-001     3.90880468e-001     4.66763308e-002     9.71058155e-002 
       1884     1.77953910e-001     3.92141832e-001     4.73136162e-002     9.84316293e-002 
       1885     1.78401680e-001     3.93128544e-001     4.79315900e-002     9.97172669e-002 
       1886     1.78092396e-001     3.92447001e-001     5.10214588e-002     1.06145455e-001 
       1887     1.77164543e-001     3.90402370e-001     5.19677311e-002     1.08114088e-001 
       1888     1.75913557e-001     3.87645679e-001     5.28174451e-002     1.09881839e-001 
       1889     1.75087260e-001     3.85824839e-001     5.35126655e-002     1.11328182e-001 
       1890     1.74224033e-001     3.83922620e-001     5.41692627e-002     1.12694172e-001 
       1891     1.72488348e-001     3.80097839e-001     5.47293014e-002     1.13859281e-001 
       1892     1.78770975e-001     3.93942327e-001     5.52507167e-002     1.14944037e-001 
       1893     1.79274139e-001     3.95051107e-001     5.57528204e-002     1.15988618e-001 
       1894     1.87380159e-001     4.12913651e-001     5.62356124e-002     1.16993022e-001 
       1895     1.89157390e-001     4.16829983e-001     5.66990928e-002     1.17957250e-001 
       1896     1.89928293e-001     4.18528756e-001     5.71625731e-002     1.18921479e-001 
       1897     1.91290067e-001     4.21529582e-001     5.76067417e-002     1.19845531e-001 
       1898     1.91733221e-001     4.22506122e-001     5.80315987e-002     1.20729407e-001 
       1899     1.92171758e-001     4.23472489e-001     5.84564556e-002     1.21613282e-001 
       1900     1.91493179e-001     4.21977162e-001     5.88620009e-002     1.22456982e-001 
       1901     2.19047184e-001     4.82695570e-001     6.52155437e-002     1.35674944e-001 
       1902     2.18807143e-001     4.82166610e-001     6.66832314e-002     1.38728333e-001 
       1903     2.29955228e-001     5.06732694e-001     6.79191789e-002     1.41299608e-001 
       1904     2.39584589e-001     5.27952094e-001     6.90392563e-002     1.43629826e-001 
       1905     2.48710785e-001     5.48062714e-001     7.00627754e-002     1.45759164e-001 
       1906     2.60292792e-001     5.73584993e-001     7.09124893e-002     1.47526915e-001 
       1907     2.61843830e-001     5.77002883e-001     7.17042682e-002     1.49174139e-001 
       1908     2.63556434e-001     5.80776803e-001     7.24574237e-002     1.50741009e-001 
       1909     2.64433510e-001     5.82709538e-001     7.31719559e-002     1.52227528e-001 
       1910     2.64692016e-001     5.83279187e-001     7.38671764e-002     1.53673870e-001 
       1911     2.38208966e-001     5.24920751e-001     8.27505492e-002     1.72154911e-001 
       1912     2.20445888e-001     4.85777774e-001     8.45465354e-002     1.75891295e-001 
       1913     2.05655633e-001     4.53185752e-001     8.59949115e-002     1.78904508e-001 
       1914     1.99437633e-001     4.39483676e-001     8.72115473e-002     1.81435607e-001 
       1915     1.91354694e-001     4.21671994e-001     8.82930014e-002     1.83685473e-001 
       1916     1.89665170e-001     4.17948935e-001     8.90847803e-002     1.85332696e-001 
       1917     1.87994111e-001     4.14266566e-001     8.97993124e-002     1.86819215e-001 
       1918     1.87061642e-001     4.12211763e-001     9.04365979e-002     1.88145029e-001 
       1919     1.88603448e-001     4.15609308e-001     9.10352600e-002     1.89390490e-001 
       1920     1.88284931e-001     4.14907420e-001     9.15952987e-002     1.90555599e-001 
       1921     2.08263777e-001     4.58933097e-001     1.00594542e-001     2.09277697e-001 
       1922     2.03481410e-001     4.48394603e-001     1.02351904e-001     2.12933729e-001 
       1923     2.05987998e-001     4.53918157e-001     1.03761657e-001     2.15866589e-001 
       1924     2.07649825e-001     4.57580182e-001     1.04901046e-001     2.18236984e-001 
       1925     2.08097595e-001     4.58566894e-001     1.05866630e-001     2.20245793e-001 
       1926     2.09593238e-001     4.61862717e-001     1.06658409e-001     2.21893016e-001 
       1927     2.27143972e-001     5.00537769e-001     1.07411565e-001     2.23459887e-001 
       1928     2.27864096e-001     5.02124646e-001     1.08126097e-001     2.24946405e-001 
       1929     2.27268609e-001     5.00812420e-001     1.08802006e-001     2.26352571e-001 
       1930     2.28344180e-001     5.03182564e-001     1.09458603e-001     2.27718561e-001 
       1931     2.33712802e-001     5.15012939e-001     1.18361287e-001     2.46239778e-001 
       1932     2.32277169e-001     5.11849357e-001     1.20176585e-001     2.50016338e-001 
       1933     2.30181421e-001     5.07231136e-001     1.21663585e-001     2.53109904e-001 
       1934     2.23631055e-001     4.92796655e-001     1.22938155e-001     2.55761531e-001 
       1935     2.21498378e-001     4.88097056e-001     1.24077545e-001     2.58131926e-001 
       1936     2.24494282e-001     4.94698873e-001     1.24907947e-001     2.59859501e-001 
       1937     2.13106155e-001     4.69603831e-001     1.25680414e-001     2.61466548e-001 
       1938     2.13600086e-001     4.70692266e-001     1.26394946e-001     2.62953067e-001 
       1939     2.11596662e-001     4.66277491e-001     1.27051543e-001     2.64319057e-001 
       1940     2.04570830e-001     4.50795264e-001     1.27688829e-001     2.65644871e-001 
       1941     1.96820256e-001     4.33715987e-001     1.57197076e-001     3.27034066e-001 
       1942     2.06805063e-001     4.55718653e-001     1.61986373e-001     3.36997758e-001 
       1943     2.04880114e-001     4.51476807e-001     1.65655592e-001     3.44631231e-001 
       1944     2.07996039e-001     4.58343104e-001     1.68610279e-001     3.50778186e-001 
       1945     2.09491682e-001     4.61638926e-001     1.71043551e-001     3.55840384e-001 
       1946     2.47630598e-001     5.45682398e-001     1.72530550e-001     3.58933949e-001 
       1947     2.57306121e-001     5.67003520e-001     1.73785809e-001     3.61545401e-001 
       1948     2.64488904e-001     5.82831606e-001     1.74867263e-001     3.63795267e-001 
       1949     2.67918729e-001     5.90389618e-001     1.75832847e-001     3.65804075e-001 
       1950     2.73541241e-001     6.02779469e-001     1.76701873e-001     3.67612003e-001 
       1951     3.48789664e-001     7.68597991e-001     2.83167165e-001     5.89103257e-001 
       1952     3.70282619e-001     8.15960179e-001     3.07692999e-001     6.40127000e-001 
       1953     3.65117108e-001     8.04577385e-001     3.27236419e-001     6.80785289e-001 
       1954     3.87694866e-001     8.54330062e-001     3.34999715e-001     6.96936112e-001 
       1955     4.08204574e-001     8.99525553e-001     3.40619413e-001     7.08627379e-001 
       1956     4.33976732e-001     9.56317455e-001     3.43921711e-001     7.15497505e-001 
       1957     4.45314081e-001     9.81300603e-001     3.46239112e-001     7.20318646e-001 
       1958     4.56476015e-001     1.00589720e+000     3.47841982e-001     7.23653268e-001 
       1959     4.09778693e-001     9.02994304e-001     3.48981371e-001     7.26023662e-001 
       1960     4.01192590e-001     8.84073842e-001     3.49734526e-001     7.27590533e-001 
       1961     4.34978444e-001     9.58524843e-001     4.16301888e-001     8.66077809e-001 
       1962     4.39516153e-001     9.68524205e-001     4.26228091e-001     8.86728363e-001 
       1963     4.47225181e-001     9.85511931e-001     4.33508595e-001     9.01874781e-001 
       1964     4.57796243e-001     1.00880648e+000     4.38993112e-001     9.13284815e-001 
       1965     4.66133072e-001     1.02717764e+000     4.43357552e-001     9.22364631e-001 
       1966     4.83222187e-001     1.06483546e+000     4.45443213e-001     9.26703658e-001 
       1967     4.84265445e-001     1.06713440e+000     4.47007459e-001     9.29957928e-001 
       1968     4.90820427e-001     1.08157905e+000     4.48146848e-001     9.32328322e-001 
       1969     4.95852068e-001     1.09266685e+000     4.48552394e-001     9.33172022e-001 
       1970     4.86282718e-001     1.07157969e+000     4.48726199e-001     9.33533608e-001 
       1971     4.32679584e-001     9.53459041e-001     4.45945317e-001     9.27748238e-001 
       1972     4.19560388e-001     9.24549389e-001     4.35130776e-001     9.05249580e-001 
       1973     4.37175747e-001     9.63366853e-001     4.25030767e-001     8.84237441e-001 
       1974     4.38879120e-001     9.67120429e-001     4.24316235e-001     8.82750922e-001 
       1975     4.42608997e-001     9.75339640e-001     4.23891378e-001     8.81867046e-001 
       1976     5.09437499e-001     1.12260390e+000     4.22191950e-001     8.78331543e-001 
       1977     5.26711261e-001     1.16066862e+000     4.20550457e-001     8.74916568e-001 
       1978     5.28885484e-001     1.16545977e+000     4.18966900e-001     8.71622121e-001 
       1979     5.23710741e-001     1.15405663e+000     4.73387214e-001     9.84838583e-001 
       1980     5.11307053e-001     1.12672368e+000     4.79991809e-001     9.98578835e-001 
       1981     5.49815264e-001     1.21158093e+000     5.17533715e-001     1.07668132e+000 
       1982     6.41160322e-001     1.41287024e+000     5.45284599e-001     1.13441448e+000 
       1983     6.66798610e-001     1.46936714e+000     5.54167972e-001     1.15289552e+000 
       1984     6.91338247e-001     1.52344304e+000     5.58628970e-001     1.16217622e+000 
       1985     7.03621913e-001     1.55051151e+000     5.61525722e-001     1.16820265e+000 
       1986     7.24159318e-001     1.59576803e+000     5.62761670e-001     1.17077392e+000 
       1987     7.33617880e-001     1.61661106e+000     5.62819605e-001     1.17089445e+000 
       1988     7.42351701e-001     1.63585703e+000     5.62356124e-001     1.16993022e+000 
       1989     7.43607303e-001     1.63862390e+000     5.61892644e-001     1.16896599e+000 
       1990     7.46035416e-001     1.64397452e+000     5.61120177e-001     1.16735895e+000 
       1991     8.46058901e-001     1.86438773e+000     5.62761670e-001     1.17077392e+000 
       1992     7.56255648e-001     1.66649598e+000     6.76140543e-001     1.40664825e+000 
       1993     7.44604399e-001     1.64082111e+000     6.93791419e-001     1.44336927e+000 
       1994     7.31540597e-001     1.61203353e+000     7.07019920e-001     1.47088995e+000 
       1995     7.12978919e-001     1.57113075e+000     7.17370980e-001     1.49242438e+000 
       1996     6.96642243e-001     1.53513101e+000     7.25829496e-001     1.51002155e+000 
       1997     6.84021594e-001     1.50731996e+000     7.30541546e-001     1.51982453e+000 
       1998     6.71557896e-001     1.47985477e+000     7.34345947e-001     1.52773924e+000 
       1999     6.61476149e-001     1.45763849e+000     7.37513063e-001     1.53432813e+000 
       2000     6.67749544e-001     1.47146263e+000     7.40178075e-001     1.53987244e+000 
