
__MAGICC 5.X DATA FILE__ 

Data: Radiative Forcing 
Gas: SOX 
Unit:  Watt per square meter (W/m2) 
Description: SOX - Radiative Forcing of year 2000 (as provided on http://data.giss.nasa.gov/efficacy/) for four MAGICC boxes; scaled over time with optical thickness of file giss_soxi_ot and giss_soxnb_ot 
Source: Original-GISS-Description:  NET RADIA. AT   0 MB (W/M+2) ANN  E2SUIx2a-E2AarM20A (yr 2000 SUI*2 - adj.frc)   
Compiled by: Malte Meinshausen, Lauder NZ, NCAR/PIK, malte.meinshausen@gmail.com 
Date: 18-Jul-2006 11:05:18  

&THISFILE_SPECIFICATIONS 
 THISFILE_DATACOLUMNS    =    4  ,
 THISFILE_FIRSTYEAR      = 1765  ,
 THISFILE_LASTYEAR       = 2000  ,
 THISFILE_ANNUALSTEPS    =    1  ,
 THISFILE_FIRSTDATAROW   =   21  ,
/  

       YEARS    FORC-NO             FORC-NL           FORC-SO          FORC-SL
       1765     0.00000000e+000     0.00000000e+000     0.00000000e+000     0.00000000e+000 
       1766    -4.10381839e-004    -3.71179603e-004    -2.70814343e-008    -2.72199244e-008 
       1767    -8.11108086e-004    -7.33625977e-004    -1.11036380e-007    -1.11604203e-007 
       1768    -1.20229369e-003    -1.08744309e-003    -2.55930803e-007    -2.57239592e-007 
       1769    -1.58405359e-003    -1.43273490e-003    -4.65830667e-007    -4.68212851e-007 
       1770    -1.95650275e-003    -1.76960539e-003    -7.44801938e-007    -7.48610736e-007 
       1771    -2.88488790e-003    -2.96576303e-003    -1.09691058e-006    -1.10252001e-006 
       1772    -3.23906040e-003    -3.28610275e-003    -1.52622256e-006    -1.53402742e-006 
       1773    -3.58426699e-003    -3.59833306e-003    -2.03680384e-006    -2.04721973e-006 
       1774    -3.92062262e-003    -3.90255790e-003    -2.63272038e-006    -2.64618369e-006 
       1775    -4.24824223e-003    -4.19888124e-003    -3.31803816e-006    -3.33500607e-006 
       1776    -4.56724079e-003    -4.48740706e-003    -4.09682313e-006    -4.11777363e-006 
       1777    -4.87773322e-003    -4.76823932e-003    -4.97314126e-006    -4.99857311e-006 
       1778    -5.17983449e-003    -5.04148199e-003    -5.95105852e-006    -5.98149128e-006 
       1779    -5.47365953e-003    -5.30723903e-003    -7.03464087e-006    -7.07061490e-006 
       1780    -5.75932330e-003    -5.56561441e-003    -8.22795427e-006    -8.27003071e-006 
       1781    -6.60207255e-003    -6.68431662e-003    -9.53506470e-006    -9.58382549e-006 
       1782    -6.87175861e-003    -6.92824058e-003    -1.09600381e-005    -1.10160860e-005 
       1783    -7.13362824e-003    -7.16509479e-003    -1.25069405e-005    -1.25708990e-005 
       1784    -7.38779639e-003    -7.39498321e-003    -1.41798377e-005    -1.42523512e-005 
       1785    -7.63437800e-003    -7.61800980e-003    -1.59827959e-005    -1.60645293e-005 
       1786    -7.87348802e-003    -7.83427854e-003    -1.79198809e-005    -1.80115203e-005 
       1787    -8.10524139e-003    -8.04389339e-003    -1.99951587e-005    -2.00974107e-005 
       1788    -8.32975308e-003    -8.24695831e-003    -2.22126953e-005    -2.23262874e-005 
       1789    -8.54713801e-003    -8.44357728e-003    -2.45765566e-005    -2.47022372e-005 
       1790    -8.75751115e-003    -8.63385427e-003    -2.70908086e-005    -2.72293467e-005 
       1791    -9.52611924e-003    -9.68549774e-003    -2.97595173e-005    -2.99117027e-005 
       1792    -9.72281362e-003    -9.86340265e-003    -3.25867486e-005    -3.27533920e-005 
       1793    -9.91284105e-003    -1.00352775e-002    -3.55765686e-005    -3.57585014e-005 
       1794    -1.00963165e-002    -1.02012262e-002    -3.87330430e-005    -3.89311176e-005 
       1795    -1.02733548e-002    -1.03613527e-002    -4.20602381e-005    -4.22753274e-005 
       1796    -1.04440711e-002    -1.05157611e-002    -4.55622196e-005    -4.57952175e-005 
       1797    -1.11737119e-002    -1.15321597e-002    -4.92430535e-005    -4.94948746e-005 
       1798    -1.13321288e-002    -1.16754436e-002    -5.31068059e-005    -5.33783856e-005 
       1799    -1.14845684e-002    -1.18133212e-002    -5.71575427e-005    -5.74498372e-005 
       1800    -1.21962774e-002    -1.28135010e-002    -6.13993298e-005    -6.17133162e-005 
       1801    -1.23371073e-002    -1.29408779e-002    -6.58362333e-005    -6.61729092e-005 
       1802    -1.36025684e-002    -1.47983695e-002    -7.04723190e-005    -7.08327032e-005 
       1803    -1.31671165e-002    -1.40480571e-002    -7.53116530e-005    -7.56967847e-005 
       1804    -1.32913940e-002    -1.41604628e-002    -8.03583012e-005    -8.07692407e-005 
       1805    -1.34103838e-002    -1.42680860e-002    -8.56163296e-005    -8.60541578e-005 
       1806    -1.40893328e-002    -1.52386352e-002    -9.10898041e-005    -9.15556227e-005 
       1807    -1.41980924e-002    -1.53370053e-002    -9.67827907e-005    -9.72777224e-005 
       1808    -1.43019091e-002    -1.54309049e-002    -1.02699355e-004    -1.03224543e-004 
       1809    -1.44008981e-002    -1.55204378e-002    -1.08843564e-004    -1.09400173e-004 
       1810    -1.44951743e-002    -1.56057081e-002    -1.15219483e-004    -1.15808697e-004 
       1811    -1.51499843e-002    -1.65544242e-002    -1.21831178e-004    -1.22454203e-004 
       1812    -1.52351796e-002    -1.66314811e-002    -1.28682714e-004    -1.29340777e-004 
       1813    -1.53160068e-002    -1.67045873e-002    -1.35778159e-004    -1.36472506e-004 
       1814    -1.53925810e-002    -1.67738466e-002    -1.43121577e-004    -1.43853478e-004 
       1815    -1.60301489e-002    -1.77069677e-002    -1.50717035e-004    -1.51487778e-004 
       1816    -1.66636937e-002    -1.86364499e-002    -1.58568599e-004    -1.59379494e-004 
       1817    -1.72933302e-002    -1.95623973e-002    -1.66680335e-004    -1.67532712e-004 
       1818    -1.73540417e-002    -1.96173092e-002    -1.75056309e-004    -1.75951518e-004 
       1819    -1.74110748e-002    -1.96688942e-002    -1.83700586e-004    -1.84640001e-004 
       1820    -1.74645446e-002    -1.97172562e-002    -1.92617232e-004    -1.93602246e-004 
       1821    -1.75145659e-002    -1.97624991e-002    -2.01810315e-004    -2.02842341e-004 
       1822    -1.81263856e-002    -2.06723316e-002    -2.11283899e-004    -2.12364371e-004 
       1823    -1.87349867e-002    -2.15792530e-002    -2.21042050e-004    -2.22172424e-004 
       1824    -1.87753524e-002    -2.16157627e-002    -2.31088836e-004    -2.32270587e-004 
       1825    -1.93778613e-002    -2.25171739e-002    -2.41428320e-004    -2.42662946e-004 
       1826    -1.94123647e-002    -2.25483813e-002    -2.52064570e-004    -2.53353588e-004 
       1827    -2.00092412e-002    -2.34446980e-002    -2.63001651e-004    -2.64346600e-004 
       1828    -2.00383421e-002    -2.34710190e-002    -2.74243630e-004    -2.75646068e-004 
       1829    -2.00649141e-002    -2.34950527e-002    -2.85794572e-004    -2.87256080e-004 
       1830    -2.34798631e-002    -2.87225302e-002    -2.97658544e-004    -2.99180722e-004 
       1831    -2.29365905e-002    -2.78746968e-002    -3.09839610e-004    -3.11424080e-004 
       1832    -2.29562657e-002    -2.78924925e-002    -3.22341838e-004    -3.23990243e-004 
       1833    -2.35390036e-002    -2.87760213e-002    -3.35169293e-004    -3.36883295e-004 
       1834    -2.35546556e-002    -2.87901781e-002    -3.48326041e-004    -3.50107325e-004 
       1835    -2.41336003e-002    -2.96702760e-002    -3.61816149e-004    -3.63666419e-004 
       1836    -2.64062161e-002    -3.31516279e-002    -3.75643681e-004    -3.77564663e-004 
       1837    -2.64166955e-002    -3.31611062e-002    -3.89812705e-004    -3.91806144e-004 
       1838    -2.69908124e-002    -3.40368375e-002    -4.04327285e-004    -4.06394950e-004 
       1839    -2.75635499e-002    -3.49113212e-002    -4.19191489e-004    -4.21335167e-004 
       1840    -2.87001548e-002    -3.66522657e-002    -4.34409381e-004    -4.36630881e-004 
       1841    -2.92704784e-002    -3.75245661e-002    -4.49985029e-004    -4.52286180e-004 
       1842    -3.04048992e-002    -3.92635353e-002    -4.65922497e-004    -4.68305150e-004 
       1843    -3.09732687e-002    -4.01340682e-002    -4.82225852e-004    -4.84691878e-004 
       1844    -3.21059654e-002    -4.18714778e-002    -4.98899160e-004    -5.01450450e-004 
       1845    -3.43682360e-002    -4.53434727e-002    -5.15946486e-004    -5.18584954e-004 
       1846    -3.43694046e-002    -4.53445297e-002    -5.33371898e-004    -5.36099476e-004 
       1847    -3.60655089e-002    -4.79479844e-002    -5.51179460e-004    -5.53998103e-004 
       1848    -3.66310047e-002    -4.88159181e-002    -5.69373239e-004    -5.72284922e-004 
       1849    -3.83265342e-002    -5.14188530e-002    -5.87957300e-004    -5.90964019e-004 
       1850    -4.05870805e-002    -5.48892884e-002    -6.06935710e-004    -6.10039482e-004 
       1851    -4.01821815e-002    -5.45230678e-002    -7.41634236e-004    -7.45426834e-004 
       1852    -4.45046683e-002    -5.95020166e-002    -7.62235187e-004    -7.66133135e-004 
       1853    -4.55346576e-002    -6.11465302e-002    -7.74912695e-004    -7.78875474e-004 
       1854    -5.10662168e-002    -6.97142566e-002    -7.87590203e-004    -7.91617813e-004 
       1855    -5.20553360e-002    -7.13218042e-002    -7.95513646e-004    -7.99581775e-004 
       1856    -5.51257403e-002    -7.58811925e-002    -8.00267712e-004    -8.04360153e-004 
       1857    -5.59403698e-002    -7.69744611e-002    -8.03437089e-004    -8.07545737e-004 
       1858    -5.67507221e-002    -7.80638612e-002    -8.05021777e-004    -8.09138530e-004 
       1859    -5.98220769e-002    -8.26241091e-002    -8.08191154e-004    -8.12324114e-004 
       1860    -6.45445740e-002    -8.97198317e-002    -3.30000372e-003    -4.16494202e-003 
       1861    -6.72754329e-002    -9.35933762e-002    -5.51481617e-003    -7.08274647e-003 
       1862    -6.56277959e-002    -9.28309337e-002    -4.19875237e-003    -5.29772724e-003 
       1863    -6.95609444e-002    -9.88790939e-002    -4.64617719e-003    -5.88632155e-003 
       1864    -7.40973004e-002    -1.05846719e-001    -3.50204270e-003    -4.33428147e-003 
       1865    -7.80306914e-002    -1.11884460e-001    -4.91305139e-003    -6.22170044e-003 
       1866    -7.96721356e-002    -1.14411940e-001    -7.36093630e-003    -9.50603172e-003 
       1867    -8.40678184e-002    -1.21220553e-001    -9.10445821e-003    -1.18430625e-002 
       1868    -8.68129405e-002    -1.25500580e-001    -7.77454196e-003    -1.00453389e-002 
       1869    -9.06823461e-002    -1.31505135e-001    -6.92676340e-003    -8.89587382e-003 
       1870    -9.34288891e-002    -1.35774754e-001    -6.66139161e-003    -8.53121550e-003 
       1871    -9.91268601e-002    -1.44127645e-001    -8.53070056e-003    -1.06861853e-002 
       1872    -1.12713543e-001    -1.62474621e-001    -9.00481657e-003    -1.12124762e-002 
       1873    -1.19283433e-001    -1.72321976e-001    -1.07382938e-002    -1.34507214e-002 
       1874    -1.13855396e-001    -1.63844836e-001    -1.11238614e-002    -1.39328703e-002 
       1875    -1.22049422e-001    -1.76253051e-001    -1.06159741e-002    -1.32197394e-002 
       1876    -1.23192722e-001    -1.77711248e-001    -9.12185797e-003    -1.11044337e-002 
       1877    -1.24397490e-001    -1.79285698e-001    -8.45671894e-003    -1.01631762e-002 
       1878    -1.25091733e-001    -1.80090241e-001    -8.56278953e-003    -1.02623021e-002 
       1879    -1.32396843e-001    -1.91030560e-001    -9.86573183e-003    -1.19583372e-002 
       1880    -1.46252760e-001    -2.11985337e-001    -1.15160485e-002    -1.41091006e-002 
       1881    -1.51201994e-001    -2.18462694e-001    -9.75228040e-003    -1.17287413e-002 
       1882    -1.55461935e-001    -2.26309170e-001    -9.88468379e-003    -1.18676653e-002 
       1883    -1.63720367e-001    -2.38769517e-001    -1.03597707e-002    -1.24575452e-002 
       1884    -1.64904442e-001    -2.40458392e-001    -1.03999419e-002    -1.24729929e-002 
       1885    -1.65548864e-001    -2.41336679e-001    -1.06331520e-002    -1.27424868e-002 
       1886    -1.67276009e-001    -2.43921499e-001    -1.04766098e-002    -1.24394446e-002 
       1887    -1.74145674e-001    -2.54397172e-001    -1.19798940e-002    -1.43590113e-002 
       1888    -1.90741103e-001    -2.79730177e-001    -1.22024057e-002    -1.46042164e-002 
       1889    -1.90182135e-001    -2.78863440e-001    -1.27846360e-002    -1.53199016e-002 
       1890    -2.05228962e-001    -3.01800508e-001    -1.24176216e-002    -1.48030523e-002 
       1891    -2.16826850e-001    -3.19395171e-001    -1.21856971e-002    -1.44634931e-002 
       1892    -2.27150610e-001    -3.35002837e-001    -1.21149758e-002    -1.43339395e-002 
       1893    -2.36504260e-001    -3.49095277e-001    -1.21647073e-002    -1.43604276e-002 
       1894    -2.45189005e-001    -3.62139449e-001    -1.23014943e-002    -1.44989454e-002 
       1895    -2.53503656e-001    -3.74598215e-001    -1.24976300e-002    -1.47131812e-002 
       1896    -2.61744977e-001    -3.86930938e-001    -1.27298656e-002    -1.49728571e-002 
       1897    -2.70207975e-001    -3.99593970e-001    -1.29784859e-002    -1.52524770e-002 
       1898    -2.79186136e-001    -4.13041069e-001    -1.32266053e-002    -1.55303742e-002 
       1899    -2.88971633e-001    -4.27723741e-001    -1.34596260e-002    -1.57879781e-002 
       1900    -2.99855494e-001    -4.44091533e-001    -1.36648155e-002    -1.60092425e-002 
       1901    -3.10708894e-001    -4.58393655e-001    -1.38570664e-002    -1.63124980e-002 
       1902    -3.23313302e-001    -4.75306071e-001    -1.41013318e-002    -1.66828842e-002 
       1903    -3.37156334e-001    -4.94028536e-001    -1.43784611e-002    -1.70969007e-002 
       1904    -3.51740494e-001    -5.13798708e-001    -1.46716535e-002    -1.75334373e-002 
       1905    -3.66580824e-001    -5.33886157e-001    -1.49660249e-002    -1.79733335e-002 
       1906    -3.81202977e-001    -5.53587475e-001    -1.52482661e-002    -1.83990312e-002 
       1907    -3.95141649e-001    -5.72222263e-001    -1.55063728e-002    -1.87942993e-002 
       1908    -4.07939264e-001    -5.89129809e-001    -1.57294284e-002    -1.91440135e-002 
       1909    -4.19144899e-001    -6.03666324e-001    -1.59074294e-002    -1.94339780e-002 
       1910    -4.28313370e-001    -6.15202638e-001    -1.60311427e-002    -1.96507811e-002 
       1911    -4.35857839e-001    -6.24368960e-001    -1.61089754e-002    -1.98043729e-002 
       1912    -4.42594962e-001    -6.32374534e-001    -1.61615249e-002    -1.99216234e-002 
       1913    -4.48686282e-001    -6.39462532e-001    -1.61977152e-002    -2.00143701e-002 
       1914    -4.54290525e-001    -6.45868949e-001    -1.62257174e-002    -2.00936846e-002 
       1915    -4.59563936e-001    -6.51823463e-001    -1.62530509e-002    -2.01699755e-002 
       1916    -4.64660569e-001    -6.57550179e-001    -1.62866692e-002    -2.02530758e-002 
       1917    -4.69732538e-001    -6.63268264e-001    -1.63330321e-002    -2.03523163e-002 
       1918    -4.74930237e-001    -6.69192501e-001    -1.63981677e-002    -2.04765884e-002 
       1919    -4.80402527e-001    -6.75533771e-001    -1.64877241e-002    -2.06343975e-002 
       1920    -4.86296897e-001    -6.82499470e-001    -1.66070154e-002    -2.08339085e-002 
       1921    -4.92639962e-001    -6.90122982e-001    -1.67630179e-002    -2.10853526e-002 
       1922    -4.99289889e-001    -6.98197490e-001    -1.69559689e-002    -2.13894167e-002 
       1923    -5.06141487e-001    -7.06570047e-001    -1.71810928e-002    -2.17399696e-002 
       1924    -5.13090696e-001    -7.15090588e-001    -1.74339142e-002    -2.21311854e-002 
       1925    -5.20034481e-001    -7.23611656e-001    -1.77102261e-002    -2.25575110e-002 
       1926    -5.27700130e-001    -7.37311224e-001    -1.80994187e-002    -2.33500655e-002 
       1927    -5.35149707e-001    -7.50680379e-001    -1.85090181e-002    -2.41681015e-002 
       1928    -5.42281569e-001    -7.63570552e-001    -1.89355668e-002    -2.50083271e-002 
       1929    -5.48994214e-001    -7.75831386e-001    -1.93757011e-002    -2.58670891e-002 
       1930    -5.55186266e-001    -7.87310882e-001    -1.98261336e-002    -2.67404395e-002 
       1931    -5.60684571e-001    -7.97749697e-001    -2.03192231e-002    -2.76791243e-002 
       1932    -5.65520097e-001    -8.07183445e-001    -2.08787238e-002    -2.87222808e-002 
       1933    -5.69897497e-001    -8.15904456e-001    -2.14886756e-002    -2.98476453e-002 
       1934    -5.74021133e-001    -8.24208840e-001    -2.21333339e-002    -3.10321232e-002 
       1935    -5.78095096e-001    -8.32396188e-001    -2.27971360e-002    -3.22519176e-002 
       1936    -5.82323228e-001    -8.40769300e-001    -2.34646738e-002    -3.34826354e-002 
       1937    -5.86909140e-001    -8.49633940e-001    -2.41206716e-002    -3.46993737e-002 
       1938    -5.92056233e-001    -8.59298608e-001    -2.47499666e-002    -3.58767923e-002 
       1939    -5.97967709e-001    -8.70074340e-001    -2.53374940e-002    -3.69891740e-002 
       1940    -6.04846588e-001    -8.82274516e-001    -2.58682737e-002    -3.80104753e-002 
       1941    -6.13215065e-001    -8.96694124e-001    -2.63277536e-002    -3.89159558e-002 
       1942    -6.23383725e-001    -9.13815269e-001    -2.67250736e-002    -3.97195803e-002 
       1943    -6.35238189e-001    -9.33481795e-001    -2.70807390e-002    -4.04535613e-002 
       1944    -6.48664263e-001    -9.55535177e-001    -2.74151248e-002    -4.11506149e-002 
       1945    -6.63547923e-001    -9.79814683e-001    -2.77484911e-002    -4.18439007e-002 
       1946    -6.79775305e-001    -1.00615753e+000    -2.81009961e-002    -4.25669708e-002 
       1947    -6.97232695e-001    -1.03439900e+000    -2.84927078e-002    -4.33537254e-002 
       1948    -7.15806517e-001    -1.06437261e+000    -2.89436141e-002    -4.42383743e-002 
       1949    -7.35383325e-001    -1.09591018e+000    -2.94736310e-002    -4.52554034e-002 
       1950    -7.55849796e-001    -1.12884196e+000    -3.01026108e-002    -4.64395457e-002 
       1951    -7.73727136e-001    -1.15760246e+000    -3.02228236e-002    -4.70848941e-002 
       1952    -7.95252217e-001    -1.19184796e+000    -3.06935293e-002    -4.83096483e-002 
       1953    -8.19936345e-001    -1.23086542e+000    -3.14341844e-002    -4.99935936e-002 
       1954    -8.47311365e-001    -1.27396572e+000    -3.23759776e-002    -5.20294677e-002 
       1955    -8.76925805e-001    -1.32047911e+000    -3.34587099e-002    -5.43195167e-002 
       1956    -9.08341863e-001    -1.36975180e+000    -3.46286206e-002    -5.67730948e-002 
       1957    -9.41133026e-001    -1.42114308e+000    -3.58368401e-002    -5.93049559e-002 
       1958    -9.74882164e-001    -1.47402318e+000    -3.70382681e-002    -6.18340154e-002 
       1959    -1.00918000e+000    -1.52777149e+000    -3.81907475e-002    -6.42824381e-002 
       1960    -1.04362388e+000    -1.58177506e+000    -3.92544459e-002    -6.65749552e-002 
       1961    -1.06398534e+000    -1.61501244e+000    -4.02781913e-002    -6.86645721e-002 
       1962    -1.08835373e+000    -1.65441243e+000    -4.13559117e-002    -7.08582868e-002 
       1963    -1.11556150e+000    -1.69819582e+000    -4.24720606e-002    -7.31269125e-002 
       1964    -1.14453337e+000    -1.74471512e+000    -4.36121331e-002    -7.54427306e-002 
       1965    -1.17426926e+000    -1.79243024e+000    -4.47624614e-002    -7.77792037e-002 
       1966    -1.20383099e+000    -1.83988946e+000    -4.59100568e-002    -8.01107522e-002 
       1967    -1.23233165e+000    -1.88571426e+000    -4.70424867e-002    -8.24125805e-002 
       1968    -1.25892712e+000    -1.92858721e+000    -4.81477769e-002    -8.46605395e-002 
       1969    -1.28280917e+000    -1.96724213e+000    -4.92143338e-002    -8.68310170e-002 
       1970    -1.30319989e+000    -2.00045614e+000    -5.02308821e-002    -8.89008498e-002 
       1971    -1.34440361e+000    -2.05339544e+000    -5.13305417e-002    -9.05838328e-002 
       1972    -1.38471590e+000    -2.10489141e+000    -5.24248276e-002    -9.22537266e-002 
       1973    -1.42407829e+000    -2.15487882e+000    -5.35080973e-002    -9.38998399e-002 
       1974    -1.46243314e+000    -2.20329278e+000    -5.45747951e-002    -9.55118084e-002 
       1975    -1.49972355e+000    -2.25006869e+000    -5.56194422e-002    -9.70795546e-002 
       1976    -1.53589329e+000    -2.29514225e+000    -5.66366271e-002    -9.85932544e-002 
       1977    -1.57088677e+000    -2.33844940e+000    -5.76209982e-002    -1.00043308e-001 
       1978    -1.60464893e+000    -2.37992632e+000    -5.85672569e-002    -1.01420314e-001 
       1979    -1.63712523e+000    -2.41950939e+000    -5.94701520e-002    -1.02715048e-001 
       1980    -1.66826158e+000    -2.45713519e+000    -6.03244740e-002    -1.03918444e-001 
       1981    -1.70032174e+000    -2.49832723e+000    -6.20785770e-002    -1.06052939e-001 
       1982    -1.73364094e+000    -2.54135802e+000    -6.38598075e-002    -1.08215130e-001 
       1983    -1.76737560e+000    -2.58496322e+000    -6.56469534e-002    -1.10372999e-001 
       1984    -1.80066478e+000    -2.62786531e+000    -6.74181230e-002    -1.12494215e-001 
       1985    -1.83263103e+000    -2.66877432e+000    -6.91507930e-002    -1.14546150e-001 
       1986    -1.86238128e+000    -2.70638846e+000    -7.08218522e-002    -1.16495906e-001 
       1987    -1.88900768e+000    -2.73939476e+000    -7.24076412e-002    -1.18310325e-001 
       1988    -1.91158832e+000    -2.76646962e+000    -7.38839897e-002    -1.19956015e-001 
       1989    -1.92918797e+000    -2.78627936e+000    -7.52262501e-002    -1.21399360e-001 
       1990    -1.94085874e+000    -2.79748073e+000    -7.64093292e-002    -1.22606538e-001 
       1991    -1.92791440e+000    -2.77823065e+000    -7.67518252e-002    -1.23220802e-001 
       1992    -1.89509152e+000    -2.72999146e+000    -7.69512906e-002    -1.23618440e-001 
       1993    -1.85351949e+000    -2.66894195e+000    -7.71146376e-002    -1.23963852e-001 
       1994    -1.81432770e+000    -2.61126089e+000    -7.73487783e-002    -1.24421439e-001 
       1995    -1.78864552e+000    -2.57312707e+000    -7.77606251e-002    -1.25155601e-001 
       1996    -1.77415970e+000    -2.55099390e+000    -7.90548125e-002    -1.27017470e-001 
       1997    -1.76179830e+000    -2.53154223e+000    -8.16633763e-002    -1.30505400e-001 
       1998    -1.75255273e+000    -2.51629204e+000    -8.52843301e-002    -1.35254619e-001 
       1999    -1.74741438e+000    -2.50676329e+000    -8.96156877e-002    -1.40900356e-001 
       2000    -1.74737466e+000    -2.50447595e+000    -9.43554627e-002    -1.47077838e-001 
