
__MAGICC 6.X DATA FILE__ 

Note: This is a constant emission file for the natural SOX emissions, 
being updated to the SOX_NATURAL_EMISSIONS parameter in MAGICC 6.0
Compiled by: Malte Meinshausen, PIK Potsdam, malte.meinshausen@pik-potsdam.de 
Date: 16-Feb-2009 14:31:08  

&THISFILE_SPECIFICATIONS
 THISFILE_DATACOLUMNS    =    2  ,
 THISFILE_FIRSTYEAR      = 1765  ,
 THISFILE_LASTYEAR       = 2000  ,
 THISFILE_ANNUALSTEPS    =    1  ,
 THISFILE_FIRSTDATAROW   =   20  ,
 THISFILE_UNITS          = MtS/yr  ,
 THISFILE_DATTYPE        = FOURBOXDATA  ,
/  

    COLCODE             EMIS-NH             EMIS-SH
       1765     7.00000000e+000     7.00000000e+000 
       1766     7.00000000e+000     7.00000000e+000 
       1767     7.00000000e+000     7.00000000e+000 
       1768     7.00000000e+000     7.00000000e+000 
       1769     7.00000000e+000     7.00000000e+000 
       1770     7.00000000e+000     7.00000000e+000 
       1771     7.00000000e+000     7.00000000e+000 
       1772     7.00000000e+000     7.00000000e+000 
       1773     7.00000000e+000     7.00000000e+000 
       1774     7.00000000e+000     7.00000000e+000 
       1775     7.00000000e+000     7.00000000e+000 
       1776     7.00000000e+000     7.00000000e+000 
       1777     7.00000000e+000     7.00000000e+000 
       1778     7.00000000e+000     7.00000000e+000 
       1779     7.00000000e+000     7.00000000e+000
       1780     7.00000000e+000     7.00000000e+000 
       1781     7.00000000e+000     7.00000000e+000 
       1782     7.00000000e+000     7.00000000e+000 
       1783     7.00000000e+000     7.00000000e+000 
       1784     7.00000000e+000     7.00000000e+000 
       1785     7.00000000e+000     7.00000000e+000 
       1786     7.00000000e+000     7.00000000e+000 
       1787     7.00000000e+000     7.00000000e+000 
       1788     7.00000000e+000     7.00000000e+000 
       1789     7.00000000e+000     7.00000000e+000 
       1790     7.00000000e+000     7.00000000e+000 
       1791     7.00000000e+000     7.00000000e+000 
       1792     7.00000000e+000     7.00000000e+000 
       1793     7.00000000e+000     7.00000000e+000 
       1794     7.00000000e+000     7.00000000e+000 
       1795     7.00000000e+000     7.00000000e+000 
       1796     7.00000000e+000     7.00000000e+000 
       1797     7.00000000e+000     7.00000000e+000 
       1798     7.00000000e+000     7.00000000e+000 
       1799     7.00000000e+000     7.00000000e+000 
       1800     7.00000000e+000     7.00000000e+000 
       1801     7.00000000e+000     7.00000000e+000 
       1802     7.00000000e+000     7.00000000e+000 
       1803     7.00000000e+000     7.00000000e+000 
       1804     7.00000000e+000     7.00000000e+000 
       1805     7.00000000e+000     7.00000000e+000 
       1806     7.00000000e+000     7.00000000e+000 
       1807     7.00000000e+000     7.00000000e+000 
       1808     7.00000000e+000     7.00000000e+000 
       1809     7.00000000e+000     7.00000000e+000 
       1810     7.00000000e+000     7.00000000e+000 
       1811     7.00000000e+000     7.00000000e+000 
       1812     7.00000000e+000     7.00000000e+000 
       1813     7.00000000e+000     7.00000000e+000 
       1814     7.00000000e+000     7.00000000e+000 
       1815     7.00000000e+000     7.00000000e+000 
       1816     7.00000000e+000     7.00000000e+000 
       1817     7.00000000e+000     7.00000000e+000 
       1818     7.00000000e+000     7.00000000e+000 
       1819     7.00000000e+000     7.00000000e+000 
       1820     7.00000000e+000     7.00000000e+000 
       1821     7.00000000e+000     7.00000000e+000 
       1822     7.00000000e+000     7.00000000e+000 
       1823     7.00000000e+000     7.00000000e+000 
       1824     7.00000000e+000     7.00000000e+000 
       1825     7.00000000e+000     7.00000000e+000 
       1826     7.00000000e+000     7.00000000e+000 
       1827     7.00000000e+000     7.00000000e+000 
       1828     7.00000000e+000     7.00000000e+000 
       1829     7.00000000e+000     7.00000000e+000 
       1830     7.00000000e+000     7.00000000e+000 
       1831     7.00000000e+000     7.00000000e+000 
       1832     7.00000000e+000     7.00000000e+000 
       1833     7.00000000e+000     7.00000000e+000 
       1834     7.00000000e+000     7.00000000e+000 
       1835     7.00000000e+000     7.00000000e+000 
       1836     7.00000000e+000     7.00000000e+000 
       1837     7.00000000e+000     7.00000000e+000 
       1838     7.00000000e+000     7.00000000e+000 
       1839     7.00000000e+000     7.00000000e+000 
       1840     7.00000000e+000     7.00000000e+000 
       1841     7.00000000e+000     7.00000000e+000 
       1842     7.00000000e+000     7.00000000e+000 
       1843     7.00000000e+000     7.00000000e+000 
       1844     7.00000000e+000     7.00000000e+000 
       1845     7.00000000e+000     7.00000000e+000 
       1846     7.00000000e+000     7.00000000e+000 
       1847     7.00000000e+000     7.00000000e+000 
       1848     7.00000000e+000     7.00000000e+000 
       1849     7.00000000e+000     7.00000000e+000 
       1850     7.00000000e+000     7.00000000e+000 
       1851     7.00000000e+000     7.00000000e+000 
       1852     7.00000000e+000     7.00000000e+000 
       1853     7.00000000e+000     7.00000000e+000 
       1854     7.00000000e+000     7.00000000e+000 
       1855     7.00000000e+000     7.00000000e+000 
       1856     7.00000000e+000     7.00000000e+000 
       1857     7.00000000e+000     7.00000000e+000 
       1858     7.00000000e+000     7.00000000e+000 
       1859     7.00000000e+000     7.00000000e+000 
       1860     7.00000000e+000     7.00000000e+000 
       1861     7.00000000e+000     7.00000000e+000 
       1862     7.00000000e+000     7.00000000e+000 
       1863     7.00000000e+000     7.00000000e+000 
       1864     7.00000000e+000     7.00000000e+000 
       1865     7.00000000e+000     7.00000000e+000 
       1866     7.00000000e+000     7.00000000e+000 
       1867     7.00000000e+000     7.00000000e+000 
       1868     7.00000000e+000     7.00000000e+000 
       1869     7.00000000e+000     7.00000000e+000 
       1870     7.00000000e+000     7.00000000e+000 
       1871     7.00000000e+000     7.00000000e+000 
       1872     7.00000000e+000     7.00000000e+000 
       1873     7.00000000e+000     7.00000000e+000 
       1874     7.00000000e+000     7.00000000e+000 
       1875     7.00000000e+000     7.00000000e+000 
       1876     7.00000000e+000     7.00000000e+000 
       1877     7.00000000e+000     7.00000000e+000 
       1878     7.00000000e+000     7.00000000e+000 
       1879     7.00000000e+000     7.00000000e+000 
       1880     7.00000000e+000     7.00000000e+000 
       1881     7.00000000e+000     7.00000000e+000 
       1882     7.00000000e+000     7.00000000e+000 
       1883     7.00000000e+000     7.00000000e+000 
       1884     7.00000000e+000     7.00000000e+000 
       1885     7.00000000e+000     7.00000000e+000 
       1886     7.00000000e+000     7.00000000e+000 
       1887     7.00000000e+000     7.00000000e+000 
       1888     7.00000000e+000     7.00000000e+000 
       1889     7.00000000e+000     7.00000000e+000 
       1890     7.00000000e+000     7.00000000e+000 
       1891     7.00000000e+000     7.00000000e+000 
       1892     7.00000000e+000     7.00000000e+000 
       1893     7.00000000e+000     7.00000000e+000 
       1894     7.00000000e+000     7.00000000e+000 
       1895     7.00000000e+000     7.00000000e+000 
       1896     7.00000000e+000     7.00000000e+000 
       1897     7.00000000e+000     7.00000000e+000 
       1898     7.00000000e+000     7.00000000e+000 
       1899     7.00000000e+000     7.00000000e+000 
       1900     7.00000000e+000     7.00000000e+000 
       1901     7.00000000e+000     7.00000000e+000 
       1902     7.00000000e+000     7.00000000e+000 
       1903     7.00000000e+000     7.00000000e+000 
       1904     7.00000000e+000     7.00000000e+000 
       1905     7.00000000e+000     7.00000000e+000 
       1906     7.00000000e+000     7.00000000e+000 
       1907     7.00000000e+000     7.00000000e+000 
       1908     7.00000000e+000     7.00000000e+000 
       1909     7.00000000e+000     7.00000000e+000 
       1910     7.00000000e+000     7.00000000e+000 
       1911     7.00000000e+000     7.00000000e+000 
       1912     7.00000000e+000     7.00000000e+000 
       1913     7.00000000e+000     7.00000000e+000 
       1914     7.00000000e+000     7.00000000e+000 
       1915     7.00000000e+000     7.00000000e+000 
       1916     7.00000000e+000     7.00000000e+000 
       1917     7.00000000e+000     7.00000000e+000 
       1918     7.00000000e+000     7.00000000e+000 
       1919     7.00000000e+000     7.00000000e+000 
       1920     7.00000000e+000     7.00000000e+000 
       1921     7.00000000e+000     7.00000000e+000 
       1922     7.00000000e+000     7.00000000e+000 
       1923     7.00000000e+000     7.00000000e+000 
       1924     7.00000000e+000     7.00000000e+000 
       1925     7.00000000e+000     7.00000000e+000 
       1926     7.00000000e+000     7.00000000e+000 
       1927     7.00000000e+000     7.00000000e+000 
       1928     7.00000000e+000     7.00000000e+000 
       1929     7.00000000e+000     7.00000000e+000 
       1930     7.00000000e+000     7.00000000e+000 
       1931     7.00000000e+000     7.00000000e+000 
       1932     7.00000000e+000     7.00000000e+000 
       1933     7.00000000e+000     7.00000000e+000 
       1934     7.00000000e+000     7.00000000e+000 
       1935     7.00000000e+000     7.00000000e+000 
       1936     7.00000000e+000     7.00000000e+000 
       1937     7.00000000e+000     7.00000000e+000 
       1938     7.00000000e+000     7.00000000e+000 
       1939     7.00000000e+000     7.00000000e+000 
       1940     7.00000000e+000     7.00000000e+000 
       1941     7.00000000e+000     7.00000000e+000 
       1942     7.00000000e+000     7.00000000e+000 
       1943     7.00000000e+000     7.00000000e+000 
       1944     7.00000000e+000     7.00000000e+000 
       1945     7.00000000e+000     7.00000000e+000 
       1946     7.00000000e+000     7.00000000e+000 
       1947     7.00000000e+000     7.00000000e+000 
       1948     7.00000000e+000     7.00000000e+000 
       1949     7.00000000e+000     7.00000000e+000 
       1950     7.00000000e+000     7.00000000e+000 
       1951     7.00000000e+000     7.00000000e+000 
       1952     7.00000000e+000     7.00000000e+000 
       1953     7.00000000e+000     7.00000000e+000 
       1954     7.00000000e+000     7.00000000e+000 
       1955     7.00000000e+000     7.00000000e+000 
       1956     7.00000000e+000     7.00000000e+000 
       1957     7.00000000e+000     7.00000000e+000 
       1958     7.00000000e+000     7.00000000e+000 
       1959     7.00000000e+000     7.00000000e+000 
       1960     7.00000000e+000     7.00000000e+000 
       1961     7.00000000e+000     7.00000000e+000 
       1962     7.00000000e+000     7.00000000e+000 
       1963     7.00000000e+000     7.00000000e+000 
       1964     7.00000000e+000     7.00000000e+000 
       1965     7.00000000e+000     7.00000000e+000 
       1966     7.00000000e+000     7.00000000e+000 
       1967     7.00000000e+000     7.00000000e+000 
       1968     7.00000000e+000     7.00000000e+000 
       1969     7.00000000e+000     7.00000000e+000 
       1970     7.00000000e+000     7.00000000e+000 
       1971     7.00000000e+000     7.00000000e+000 
       1972     7.00000000e+000     7.00000000e+000 
       1973     7.00000000e+000     7.00000000e+000 
       1974     7.00000000e+000     7.00000000e+000 
       1975     7.00000000e+000     7.00000000e+000 
       1976     7.00000000e+000     7.00000000e+000 
       1977     7.00000000e+000     7.00000000e+000 
       1978     7.00000000e+000     7.00000000e+000 
       1979     7.00000000e+000     7.00000000e+000 
       1980     7.00000000e+000     7.00000000e+000 
       1981     7.00000000e+000     7.00000000e+000 
       1982     7.00000000e+000     7.00000000e+000 
       1983     7.00000000e+000     7.00000000e+000 
       1984     7.00000000e+000     7.00000000e+000 
       1985     7.00000000e+000     7.00000000e+000 
       1986     7.00000000e+000     7.00000000e+000 
       1987     7.00000000e+000     7.00000000e+000 
       1988     7.00000000e+000     7.00000000e+000 
       1989     7.00000000e+000     7.00000000e+000 
       1990     7.00000000e+000     7.00000000e+000 
       1991     7.00000000e+000     7.00000000e+000 
       1992     7.00000000e+000     7.00000000e+000 
       1993     7.00000000e+000     7.00000000e+000 
       1994     7.00000000e+000     7.00000000e+000 
       1995     7.00000000e+000     7.00000000e+000 
       1996     7.00000000e+000     7.00000000e+000 
       1997     7.00000000e+000     7.00000000e+000 
       1998     7.00000000e+000     7.00000000e+000 
       1999     7.00000000e+000     7.00000000e+000 
       2000     7.00000000e+000     7.00000000e+000 
