 
__MAGICC 6.X MISC DATA OUTPUT FILE__ 
 
OUTPUT:   Inverse emission estimate of SF6 
RUN:     RCP_30Oct 
RUN_ID:             1 
DATE:    No Date specified. 
MAGICC-VERSION:   6.3.01 BETA, 30 September 2009 
GAS:   SF6 
 
COMPILED BY:  Malte Meinshausen, malte.meinshausen@pik-potsdam.de, www.primap.org 
SOURCE:  Inverse emisisons of SF6 estimated from default lifetime and atmospheric abundance observations. 
NOTE:   For RCP distribution, 30 October 2009 
 

&THISFILE_SPECIFICATIONS 
 THISFILE_DATACOLUMNS    =    1  ,
 THISFILE_FIRSTYEAR      = 1765  ,
 THISFILE_LASTYEAR       = 2005  ,
 THISFILE_ANNUALSTEPS    =    1  ,
 THISFILE_FIRSTDATAROW   =   27  ,
 THISFILE_UNITS          = kt  ,
 THISFILE_DATTYPE        = FOURBOXDATA  ,
/  

    COLCODE              GLOBAL
       1765     0.00000000e+000 
       1766     0.00000000e+000 
       1767     0.00000000e+000 
       1768     0.00000000e+000 
       1769     0.00000000e+000 
       1770     0.00000000e+000 
       1771     0.00000000e+000 
       1772     0.00000000e+000 
       1773     0.00000000e+000 
       1774     0.00000000e+000 
       1775     0.00000000e+000 
       1776     0.00000000e+000 
       1777     0.00000000e+000 
       1778     0.00000000e+000 
       1779     0.00000000e+000 
       1780     0.00000000e+000 
       1781     0.00000000e+000 
       1782     0.00000000e+000 
       1783     0.00000000e+000 
       1784     0.00000000e+000 
       1785     0.00000000e+000 
       1786     0.00000000e+000 
       1787     0.00000000e+000 
       1788     0.00000000e+000 
       1789     0.00000000e+000 
       1790     0.00000000e+000 
       1791     0.00000000e+000 
       1792     0.00000000e+000 
       1793     0.00000000e+000 
       1794     0.00000000e+000 
       1795     0.00000000e+000 
       1796     0.00000000e+000 
       1797     0.00000000e+000 
       1798     0.00000000e+000 
       1799     0.00000000e+000 
       1800     0.00000000e+000 
       1801     0.00000000e+000 
       1802     0.00000000e+000 
       1803     0.00000000e+000 
       1804     0.00000000e+000 
       1805     0.00000000e+000 
       1806     0.00000000e+000 
       1807     0.00000000e+000 
       1808     0.00000000e+000 
       1809     0.00000000e+000 
       1810     0.00000000e+000 
       1811     0.00000000e+000 
       1812     0.00000000e+000 
       1813     0.00000000e+000 
       1814     0.00000000e+000 
       1815     0.00000000e+000 
       1816     0.00000000e+000 
       1817     0.00000000e+000 
       1818     0.00000000e+000 
       1819     0.00000000e+000 
       1820     0.00000000e+000 
       1821     0.00000000e+000 
       1822     0.00000000e+000 
       1823     0.00000000e+000 
       1824     0.00000000e+000 
       1825     0.00000000e+000 
       1826     0.00000000e+000 
       1827     0.00000000e+000 
       1828     0.00000000e+000 
       1829     0.00000000e+000 
       1830     0.00000000e+000 
       1831     0.00000000e+000 
       1832     0.00000000e+000 
       1833     0.00000000e+000 
       1834     0.00000000e+000 
       1835     0.00000000e+000 
       1836     0.00000000e+000 
       1837     0.00000000e+000 
       1838     0.00000000e+000 
       1839     0.00000000e+000 
       1840     0.00000000e+000 
       1841     0.00000000e+000 
       1842     0.00000000e+000 
       1843     0.00000000e+000 
       1844     0.00000000e+000 
       1845     0.00000000e+000 
       1846     0.00000000e+000 
       1847     0.00000000e+000 
       1848     0.00000000e+000 
       1849     0.00000000e+000 
       1850     0.00000000e+000 
       1851     0.00000000e+000 
       1852     0.00000000e+000 
       1853     0.00000000e+000 
       1854     0.00000000e+000 
       1855     0.00000000e+000 
       1856     0.00000000e+000 
       1857     0.00000000e+000 
       1858     0.00000000e+000 
       1859     0.00000000e+000 
       1860     0.00000000e+000 
       1861     0.00000000e+000 
       1862     0.00000000e+000 
       1863     0.00000000e+000 
       1864     0.00000000e+000 
       1865     0.00000000e+000 
       1866     0.00000000e+000 
       1867     0.00000000e+000 
       1868     0.00000000e+000 
       1869     0.00000000e+000 
       1870     0.00000000e+000 
       1871     0.00000000e+000 
       1872     0.00000000e+000 
       1873     0.00000000e+000 
       1874     0.00000000e+000 
       1875     0.00000000e+000 
       1876     0.00000000e+000 
       1877     0.00000000e+000 
       1878     0.00000000e+000 
       1879     0.00000000e+000 
       1880     0.00000000e+000 
       1881     0.00000000e+000 
       1882     0.00000000e+000 
       1883     0.00000000e+000 
       1884     0.00000000e+000 
       1885     0.00000000e+000 
       1886     0.00000000e+000 
       1887     0.00000000e+000 
       1888     0.00000000e+000 
       1889     0.00000000e+000 
       1890     0.00000000e+000 
       1891     0.00000000e+000 
       1892     0.00000000e+000 
       1893     0.00000000e+000 
       1894     0.00000000e+000 
       1895     0.00000000e+000 
       1896     0.00000000e+000 
       1897     0.00000000e+000 
       1898     0.00000000e+000 
       1899     0.00000000e+000 
       1900     0.00000000e+000 
       1901     0.00000000e+000 
       1902     0.00000000e+000 
       1903     0.00000000e+000 
       1904     0.00000000e+000 
       1905     0.00000000e+000 
       1906     0.00000000e+000 
       1907     0.00000000e+000 
       1908     0.00000000e+000 
       1909     0.00000000e+000 
       1910     0.00000000e+000 
       1911     0.00000000e+000 
       1912     0.00000000e+000 
       1913     0.00000000e+000 
       1914     0.00000000e+000 
       1915     0.00000000e+000 
       1916     0.00000000e+000 
       1917     0.00000000e+000 
       1918     0.00000000e+000 
       1919     0.00000000e+000 
       1920     0.00000000e+000 
       1921     0.00000000e+000 
       1922     0.00000000e+000 
       1923     0.00000000e+000 
       1924     0.00000000e+000 
       1925     0.00000000e+000 
       1926     0.00000000e+000 
       1927     0.00000000e+000 
       1928     0.00000000e+000 
       1929     0.00000000e+000 
       1930     0.00000000e+000 
       1931     0.00000000e+000 
       1932     0.00000000e+000 
       1933     0.00000000e+000 
       1934     0.00000000e+000 
       1935     0.00000000e+000 
       1936     0.00000000e+000 
       1937     0.00000000e+000 
       1938     0.00000000e+000 
       1939     0.00000000e+000 
       1940     0.00000000e+000 
       1941     0.00000000e+000 
       1942     0.00000000e+000 
       1943     0.00000000e+000 
       1944     0.00000000e+000 
       1945     0.00000000e+000 
       1946     0.00000000e+000 
       1947     0.00000000e+000 
       1948     0.00000000e+000 
       1949     0.00000000e+000 
       1950     2.50414170e-001 
       1951     2.50492410e-001 
       1952     2.50570660e-001 
       1953     2.50648900e-001 
       1954     2.50727140e-001 
       1955     2.50805380e-001 
       1956     2.50883630e-001 
       1957     2.50961870e-001 
       1958     2.51040110e-001 
       1959     2.51118350e-001 
       1960     5.01610770e-001 
       1961     5.01767250e-001 
       1962     7.52337910e-001 
       1963     5.02158460e-001 
       1964     5.02314950e-001 
       1965     5.02471430e-001 
       1966     5.02627920e-001 
       1967     1.00361270e+000 
       1968     5.03097370e-001 
       1969     7.53668030e-001 
       1970     7.53902750e-001 
       1971     1.00455170e+000 
       1972     7.54450450e-001 
       1973     1.00509930e+000 
       1974     1.00541230e+000 
       1975     1.00572530e+000 
       1976     1.50686660e+000 
       1977     1.75775020e+000 
       1978     2.25912630e+000 
       1979     2.76065880e+000 
       1980     3.01193360e+000 
       1981     3.26328670e+000 
       1982     3.51471800e+000 
       1983     3.76622760e+000 
       1984     3.76740120e+000 
       1985     4.51981740e+000 
       1986     4.77163990e+000 
       1987     4.52271230e+000 
       1988     4.77453490e+000 
       1989     5.27684980e+000 
       1990     5.27849290e+000 
       1991     5.53055020e+000 
       1992     5.53227150e+000 
       1993     6.03482120e+000 
       1994     4.78462810e+000 
       1995     5.78777140e+000 
       1996     5.78957100e+000 
       1997     4.28888550e+000 
       1998     4.54062980e+000 
       1999     6.04452320e+000 
       2000     5.29515850e+000 
       2001     5.79762990e+000 
       2002     5.79942950e+000 
       2003     5.80122910e+000 
       2004     5.80302860e+000 
       2005     6.05524240e+000 
