
__RCP-TOOL MAGICC 6.3 DATA FILE__
 
Description: Observed global end-of-year CH4 concentrations (ppb)
Compiled by: Malte Meinshausen, PIK Potsdam, malte.meinshausen@pik-potsdam.de
Source: CH4 concentrations (ppb): up to <1850, Law Dome Ice Core data (Etheridge et al.) data as presented on ftp://ftp.ncdc.noaa.gov/pub/data/paleo/icecore/antarctica/law/law_ch4.txt; 
from 1850 and later as for NASA GISS model as presented on http://data.giss.nasa.gov/modelforce/ghgases/Fig1B.ext.txt; 
1850-1980: Etheridge, D., L. Steele, R. Francey, and R. Langenfelds 1998. Atmospheric methane between 1000 A.D. and present: Evidence of anthropogenic emissions and climate variability. J. Geophys. Res. 103, 15979-15993.
1984-2003: E. Dlugokencky (NOAA CMDL, private communication).
2004-2008: NOAA/ESRL/Global Monitoring Division flask data ftp://ftp.cmdl.noaa.gov/ccg/ch4/flask/month/
Date: 22-Sep-2009 19:24:34
 
 

&THISFILE_SPECIFICATIONS 
 THISFILE_DATACOLUMNS    =    1  ,
 THISFILE_FIRSTYEAR      = 1010  ,
 THISFILE_LASTYEAR       = 2008  ,
 THISFILE_ANNUALSTEPS    =    1  ,
 THISFILE_FIRSTDATAROW   =   26  ,
 THISFILE_UNITS          = ppb  ,
 THISFILE_DATTYPE        = FOURBOXDATA  ,
/  

    COLCODE              GLOBAL
       1010     6.76169060e+002 
       1011     6.76505273e+002 
       1012     6.76837634e+002 
       1013     6.77166060e+002 
       1014     6.77490474e+002 
       1015     6.77810794e+002 
       1016     6.78126940e+002 
       1017     6.78438833e+002 
       1018     6.78746394e+002 
       1019     6.79049540e+002 
       1020     6.79348796e+002 
       1021     6.79645135e+002 
       1022     6.79938706e+002 
       1023     6.80228984e+002 
       1024     6.80515440e+002 
       1025     6.80797548e+002 
       1026     6.81074781e+002 
       1027     6.81346612e+002 
       1028     6.81612513e+002 
       1029     6.81871958e+002 
       1030     6.82126311e+002 
       1031     6.82378490e+002 
       1032     6.82629005e+002 
       1033     6.82876303e+002 
       1034     6.83118834e+002 
       1035     6.83355043e+002 
       1036     6.83583379e+002 
       1037     6.83802290e+002 
       1038     6.84010223e+002 
       1039     6.84205625e+002 
       1040     6.84390682e+002 
       1041     6.84571178e+002 
       1042     6.84748956e+002 
       1043     6.84922055e+002 
       1044     6.85088510e+002 
       1045     6.85246359e+002 
       1046     6.85393641e+002 
       1047     6.85528393e+002 
       1048     6.85648653e+002 
       1049     6.85752457e+002 
       1050     6.85843114e+002 
       1051     6.85929171e+002 
       1052     6.86013857e+002 
       1053     6.86095115e+002 
       1054     6.86170886e+002 
       1055     6.86239114e+002 
       1056     6.86297743e+002 
       1057     6.86344715e+002 
       1058     6.86377972e+002 
       1059     6.86395457e+002 
       1060     6.86400000e+002 
       1061     6.86400000e+002 
       1062     6.86400000e+002 
       1063     6.86400000e+002 
       1064     6.86400000e+002 
       1065     6.86400000e+002 
       1066     6.86400000e+002 
       1067     6.86400000e+002 
       1068     6.86400000e+002 
       1069     6.86400000e+002 
       1070     6.86404543e+002 
       1071     6.86422029e+002 
       1072     6.86455285e+002 
       1073     6.86502257e+002 
       1074     6.86560886e+002 
       1075     6.86629114e+002 
       1076     6.86704886e+002 
       1077     6.86786143e+002 
       1078     6.86870829e+002 
       1079     6.86956886e+002 
       1080     6.87048170e+002 
       1081     6.87154203e+002 
       1082     6.87278225e+002 
       1083     6.87417435e+002 
       1084     6.87569036e+002 
       1085     6.87730229e+002 
       1086     6.87898216e+002 
       1087     6.88070199e+002 
       1088     6.88243380e+002 
       1089     6.88414960e+002 
       1090     6.88585133e+002 
       1091     6.88757932e+002 
       1092     6.88935670e+002 
       1093     6.89118090e+002 
       1094     6.89304940e+002 
       1095     6.89495962e+002 
       1096     6.89690901e+002 
       1097     6.89889502e+002 
       1098     6.90091508e+002 
       1099     6.90296666e+002 
       1100     6.90505495e+002 
       1101     6.90719223e+002 
       1102     6.90938193e+002 
       1103     6.91161934e+002 
       1104     6.91389978e+002 
       1105     6.91621856e+002 
       1106     6.91857097e+002 
       1107     6.92095233e+002 
       1108     6.92335794e+002 
       1109     6.92578311e+002 
       1110     6.92822527e+002 
       1111     6.93068690e+002 
       1112     6.93317279e+002 
       1113     6.93568708e+002 
       1114     6.93823388e+002 
       1115     6.94081735e+002 
       1116     6.94344161e+002 
       1117     6.94611079e+002 
       1118     6.94882904e+002 
       1119     6.95160047e+002 
       1120     6.95443987e+002 
       1121     6.95736584e+002 
       1122     6.96037609e+002 
       1123     6.96345434e+002 
       1124     6.96658426e+002 
       1125     6.96974952e+002 
       1126     6.97293382e+002 
       1127     6.97612083e+002 
       1128     6.97929425e+002 
       1129     6.98243776e+002 
       1130     6.98555709e+002 
       1131     6.98868231e+002 
       1132     6.99182487e+002 
       1133     6.99497531e+002 
       1134     6.99812418e+002 
       1135     7.00126200e+002 
       1136     7.00437934e+002 
       1137     7.00746674e+002 
       1138     7.01051472e+002 
       1139     7.01351384e+002 
       1140     7.01646479e+002 
       1141     7.01938127e+002 
       1142     7.02227105e+002 
       1143     7.02513315e+002 
       1144     7.02796662e+002 
       1145     7.03077049e+002 
       1146     7.03354379e+002 
       1147     7.03628555e+002 
       1148     7.03899481e+002 
       1149     7.04167060e+002 
       1150     7.04437626e+002 
       1151     7.04721199e+002 
       1152     7.05017239e+002 
       1153     7.05317404e+002 
       1154     7.05613348e+002 
       1155     7.05896726e+002 
       1156     7.06159194e+002 
       1157     7.06392407e+002 
       1158     7.06588021e+002 
       1159     7.06737693e+002 
       1160     7.06847593e+002 
       1161     7.06940729e+002 
       1162     7.07029065e+002 
       1163     7.07111206e+002 
       1164     7.07185762e+002 
       1165     7.07251335e+002 
       1166     7.07306536e+002 
       1167     7.07349968e+002 
       1168     7.07380239e+002 
       1169     7.07395955e+002 
       1170     7.07390745e+002 
       1171     7.07355393e+002 
       1172     7.07288863e+002 
       1173     7.07196159e+002 
       1174     7.07082290e+002 
       1175     7.06952262e+002 
       1176     7.06811083e+002 
       1177     7.06663759e+002 
       1178     7.06515296e+002 
       1179     7.06370703e+002 
       1180     7.06229069e+002 
       1181     7.06082113e+002 
       1182     7.05925287e+002 
       1183     7.05759235e+002 
       1184     7.05584601e+002 
       1185     7.05402029e+002 
       1186     7.05212160e+002 
       1187     7.05015638e+002 
       1188     7.04813107e+002 
       1189     7.04605210e+002 
       1190     7.04390533e+002 
       1191     7.04165724e+002 
       1192     7.03929652e+002 
       1193     7.03683305e+002 
       1194     7.03427668e+002 
       1195     7.03163726e+002 
       1196     7.02892465e+002 
       1197     7.02614870e+002 
       1198     7.02331927e+002 
       1199     7.02044621e+002 
       1200     7.01752811e+002 
       1201     7.01454816e+002 
       1202     7.01149460e+002 
       1203     7.00836487e+002 
       1204     7.00515641e+002 
       1205     7.00186665e+002 
       1206     6.99849304e+002 
       1207     6.99503302e+002 
       1208     6.99148402e+002 
       1209     6.98784347e+002 
       1210     6.98407915e+002 
       1211     6.98014125e+002 
       1212     6.97602796e+002 
       1213     6.97177322e+002 
       1214     6.96741099e+002 
       1215     6.96297520e+002 
       1216     6.95849980e+002 
       1217     6.95401875e+002 
       1218     6.94956598e+002 
       1219     6.94517546e+002 
       1220     6.94084300e+002 
       1221     6.93651814e+002 
       1222     6.93217617e+002 
       1223     6.92782644e+002 
       1224     6.92347826e+002 
       1225     6.91914096e+002 
       1226     6.91482386e+002 
       1227     6.91053629e+002 
       1228     6.90628759e+002 
       1229     6.90208705e+002 
       1230     6.89792144e+002 
       1231     6.89375781e+002 
       1232     6.88959010e+002 
       1233     6.88543631e+002 
       1234     6.88131443e+002 
       1235     6.87724246e+002 
       1236     6.87323839e+002 
       1237     6.86932022e+002 
       1238     6.86550592e+002 
       1239     6.86181350e+002 
       1240     6.85822933e+002 
       1241     6.85470697e+002 
       1242     6.85122963e+002 
       1243     6.84781155e+002 
       1244     6.84446696e+002 
       1245     6.84121007e+002 
       1246     6.83805511e+002 
       1247     6.83501630e+002 
       1248     6.83210785e+002 
       1249     6.82934400e+002 
       1250     6.82671627e+002 
       1251     6.82418893e+002 
       1252     6.82174211e+002 
       1253     6.81937633e+002 
       1254     6.81709212e+002 
       1255     6.81489000e+002 
       1256     6.81277052e+002 
       1257     6.81073419e+002 
       1258     6.80878154e+002 
       1259     6.80691310e+002 
       1260     6.80511453e+002 
       1261     6.80335986e+002 
       1262     6.80164295e+002 
       1263     6.79997416e+002 
       1264     6.79836386e+002 
       1265     6.79682240e+002 
       1266     6.79536016e+002 
       1267     6.79398749e+002 
       1268     6.79271476e+002 
       1269     6.79155234e+002 
       1270     6.79046539e+002 
       1271     6.78938156e+002 
       1272     6.78828522e+002 
       1273     6.78720974e+002 
       1274     6.78618852e+002 
       1275     6.78525496e+002 
       1276     6.78444244e+002 
       1277     6.78378435e+002 
       1278     6.78331409e+002 
       1279     6.78306504e+002 
       1280     6.78308462e+002 
       1281     6.78340769e+002 
       1282     6.78401539e+002 
       1283     6.78486154e+002 
       1284     6.78590000e+002 
       1285     6.78708462e+002 
       1286     6.78836923e+002 
       1287     6.78970769e+002 
       1288     6.79105385e+002 
       1289     6.79236154e+002 
       1290     6.79364828e+002 
       1291     6.79500422e+002 
       1292     6.79646928e+002 
       1293     6.79802422e+002 
       1294     6.79964981e+002 
       1295     6.80132679e+002 
       1296     6.80303592e+002 
       1297     6.80475795e+002 
       1298     6.80647364e+002 
       1299     6.80816375e+002 
       1300     6.80983145e+002 
       1301     6.81150673e+002 
       1302     6.81320364e+002 
       1303     6.81491600e+002 
       1304     6.81663763e+002 
       1305     6.81836237e+002 
       1306     6.82008400e+002 
       1307     6.82179636e+002 
       1308     6.82349327e+002 
       1309     6.82516855e+002 
       1310     6.82681963e+002 
       1311     6.82845067e+002 
       1312     6.83006666e+002 
       1313     6.83167054e+002 
       1314     6.83326522e+002 
       1315     6.83485358e+002 
       1316     6.83643855e+002 
       1317     6.83802304e+002 
       1318     6.83960994e+002 
       1319     6.84120218e+002 
       1320     6.84281334e+002 
       1321     6.84446074e+002 
       1322     6.84614074e+002 
       1323     6.84783555e+002 
       1324     6.84952741e+002 
       1325     6.85119852e+002 
       1326     6.85283112e+002 
       1327     6.85440741e+002 
       1328     6.85590963e+002 
       1329     6.85732000e+002 
       1330     6.85863745e+002 
       1331     6.85988542e+002 
       1332     6.86108234e+002 
       1333     6.86223383e+002 
       1334     6.86334553e+002 
       1335     6.86442305e+002 
       1336     6.86547200e+002 
       1337     6.86649801e+002 
       1338     6.86750671e+002 
       1339     6.86850371e+002 
       1340     6.86949151e+002 
       1341     6.87046711e+002 
       1342     6.87142719e+002 
       1343     6.87237039e+002 
       1344     6.87329536e+002 
       1345     6.87420076e+002 
       1346     6.87508524e+002 
       1347     6.87594744e+002 
       1348     6.87678601e+002 
       1349     6.87759961e+002 
       1350     6.87839068e+002 
       1351     6.87916535e+002 
       1352     6.87992573e+002 
       1353     6.88067006e+002 
       1354     6.88139660e+002 
       1355     6.88210360e+002 
       1356     6.88278931e+002 
       1357     6.88345198e+002 
       1358     6.88408985e+002 
       1359     6.88470119e+002 
       1360     6.88528625e+002 
       1361     6.88584847e+002 
       1362     6.88639097e+002 
       1363     6.88691542e+002 
       1364     6.88742347e+002 
       1365     6.88791680e+002 
       1366     6.88839709e+002 
       1367     6.88886597e+002 
       1368     6.88932514e+002 
       1369     6.88977625e+002 
       1370     6.89022880e+002 
       1371     6.89069565e+002 
       1372     6.89117511e+002 
       1373     6.89165547e+002 
       1374     6.89212498e+002 
       1375     6.89257191e+002 
       1376     6.89298454e+002 
       1377     6.89335111e+002 
       1378     6.89365991e+002 
       1379     6.89389920e+002 
       1380     6.89407280e+002 
       1381     6.89420587e+002 
       1382     6.89431667e+002 
       1383     6.89441080e+002 
       1384     6.89449386e+002 
       1385     6.89457147e+002 
       1386     6.89464920e+002 
       1387     6.89473267e+002 
       1388     6.89482747e+002 
       1389     6.89493920e+002 
       1390     6.89507600e+002 
       1391     6.89524400e+002 
       1392     6.89544000e+002 
       1393     6.89565600e+002 
       1394     6.89588400e+002 
       1395     6.89611600e+002 
       1396     6.89634400e+002 
       1397     6.89656000e+002 
       1398     6.89675600e+002 
       1399     6.89692400e+002 
       1400     6.89706350e+002 
       1401     6.89718484e+002 
       1402     6.89729583e+002 
       1403     6.89739850e+002 
       1404     6.89749484e+002 
       1405     6.89758683e+002 
       1406     6.89767650e+002 
       1407     6.89776584e+002 
       1408     6.89785684e+002 
       1409     6.89795150e+002 
       1410     6.89805450e+002 
       1411     6.89817050e+002 
       1412     6.89829750e+002 
       1413     6.89842950e+002 
       1414     6.89856050e+002 
       1415     6.89868450e+002 
       1416     6.89879550e+002 
       1417     6.89888750e+002 
       1418     6.89895450e+002 
       1419     6.89899050e+002 
       1420     6.89898485e+002 
       1421     6.89892657e+002 
       1422     6.89881572e+002 
       1423     6.89865915e+002 
       1424     6.89846372e+002 
       1425     6.89823629e+002 
       1426     6.89798372e+002 
       1427     6.89771285e+002 
       1428     6.89743057e+002 
       1429     6.89714371e+002 
       1430     6.89684054e+002 
       1431     6.89649101e+002 
       1432     6.89608422e+002 
       1433     6.89562803e+002 
       1434     6.89513030e+002 
       1435     6.89459887e+002 
       1436     6.89404160e+002 
       1437     6.89346637e+002 
       1438     6.89288102e+002 
       1439     6.89229340e+002 
       1440     6.89169935e+002 
       1441     6.89108148e+002 
       1442     6.89043258e+002 
       1443     6.88975685e+002 
       1444     6.88905849e+002 
       1445     6.88834169e+002 
       1446     6.88761065e+002 
       1447     6.88686958e+002 
       1448     6.88612269e+002 
       1449     6.88537415e+002 
       1450     6.88458560e+002 
       1451     6.88369173e+002 
       1452     6.88269334e+002 
       1453     6.88164160e+002 
       1454     6.88058773e+002 
       1455     6.87958294e+002 
       1456     6.87867840e+002 
       1457     6.87792533e+002 
       1458     6.87737494e+002 
       1459     6.87707840e+002 
       1460     6.87712042e+002 
       1461     6.87758414e+002 
       1462     6.87846666e+002 
       1463     6.87971411e+002 
       1464     6.88127256e+002 
       1465     6.88308814e+002 
       1466     6.88510695e+002 
       1467     6.88727509e+002 
       1468     6.88953867e+002 
       1469     6.89184379e+002 
       1470     6.89430347e+002 
       1471     6.89718771e+002 
       1472     6.90058480e+002 
       1473     6.90441118e+002 
       1474     6.90858328e+002 
       1475     6.91301755e+002 
       1476     6.91763040e+002 
       1477     6.92233828e+002 
       1478     6.92705762e+002 
       1479     6.93170486e+002 
       1480     6.93629107e+002 
       1481     6.94094382e+002 
       1482     6.94572871e+002 
       1483     6.95062761e+002 
       1484     6.95562239e+002 
       1485     6.96069492e+002 
       1486     6.96582706e+002 
       1487     6.97100069e+002 
       1488     6.97619766e+002 
       1489     6.98139986e+002 
       1490     6.98663018e+002 
       1491     6.99194808e+002 
       1492     6.99736531e+002 
       1493     7.00285034e+002 
       1494     7.00837165e+002 
       1495     7.01389774e+002 
       1496     7.01939707e+002 
       1497     7.02483812e+002 
       1498     7.03018937e+002 
       1499     7.03541930e+002 
       1500     7.04054230e+002 
       1501     7.04562240e+002 
       1502     7.05068330e+002 
       1503     7.05570466e+002 
       1504     7.06066617e+002 
       1505     7.06554748e+002 
       1506     7.07032828e+002 
       1507     7.07498824e+002 
       1508     7.07950701e+002 
       1509     7.08386428e+002 
       1510     7.08806697e+002 
       1511     7.09215539e+002 
       1512     7.09615172e+002 
       1513     7.10005397e+002 
       1514     7.10386012e+002 
       1515     7.10756815e+002 
       1516     7.11117607e+002 
       1517     7.11468187e+002 
       1518     7.11808352e+002 
       1519     7.12137903e+002 
       1520     7.12458441e+002 
       1521     7.12772992e+002 
       1522     7.13082221e+002 
       1523     7.13384800e+002 
       1524     7.13679405e+002 
       1525     7.13964710e+002 
       1526     7.14239387e+002 
       1527     7.14502111e+002 
       1528     7.14751556e+002 
       1529     7.14986397e+002 
       1530     7.15213948e+002 
       1531     7.15447791e+002 
       1532     7.15689304e+002 
       1533     7.15930035e+002 
       1534     7.16161531e+002 
       1535     7.16375339e+002 
       1536     7.16563009e+002 
       1537     7.16716087e+002 
       1538     7.16826122e+002 
       1539     7.16884661e+002 
       1540     7.16900000e+002 
       1541     7.16900000e+002 
       1542     7.16900000e+002 
       1543     7.16900000e+002 
       1544     7.16900000e+002 
       1545     7.16900000e+002 
       1546     7.16900000e+002 
       1547     7.16900000e+002 
       1548     7.16900000e+002 
       1549     7.16900000e+002 
       1550     7.16874299e+002 
       1551     7.16775807e+002 
       1552     7.16589600e+002 
       1553     7.16328614e+002 
       1554     7.16005785e+002 
       1555     7.15634046e+002 
       1556     7.15226332e+002 
       1557     7.14795579e+002 
       1558     7.14354720e+002 
       1559     7.13916690e+002 
       1560     7.13468703e+002 
       1561     7.12971848e+002 
       1562     7.12412347e+002 
       1563     7.11801943e+002 
       1564     7.11152381e+002 
       1565     7.10475404e+002 
       1566     7.09782758e+002 
       1567     7.09086185e+002 
       1568     7.08397430e+002 
       1569     7.07728238e+002 
       1570     7.07076139e+002 
       1571     7.06422062e+002 
       1572     7.05757566e+002 
       1573     7.05087227e+002 
       1574     7.04415618e+002 
       1575     7.03747316e+002 
       1576     7.03086896e+002 
       1577     7.02438934e+002 
       1578     7.01808006e+002 
       1579     7.01198686e+002 
       1580     7.00606190e+002 
       1581     7.00016876e+002 
       1582     6.99427207e+002 
       1583     6.98843256e+002 
       1584     6.98271097e+002 
       1585     6.97716803e+002 
       1586     6.97186448e+002 
       1587     6.96686105e+002 
       1588     6.96221848e+002 
       1589     6.95799750e+002 
       1590     6.95413217e+002 
       1591     6.95042561e+002 
       1592     6.94680110e+002 
       1593     6.94330650e+002 
       1594     6.93998962e+002 
       1595     6.93689830e+002 
       1596     6.93408037e+002 
       1597     6.93158365e+002 
       1598     6.92945598e+002 
       1599     6.92774520e+002 
       1600     6.92638011e+002 
       1601     6.92516151e+002 
       1602     6.92399567e+002 
       1603     6.92290335e+002 
       1604     6.92190529e+002 
       1605     6.92102227e+002 
       1606     6.92027503e+002 
       1607     6.91968433e+002 
       1608     6.91927092e+002 
       1609     6.91905557e+002 
       1610     6.91901400e+002 
       1611     6.91906600e+002 
       1612     6.91916000e+002 
       1613     6.91928400e+002 
       1614     6.91942600e+002 
       1615     6.91957400e+002 
       1616     6.91971600e+002 
       1617     6.91984000e+002 
       1618     6.91993400e+002 
       1619     6.91998600e+002 
       1620     6.91998486e+002 
       1621     6.91992657e+002 
       1622     6.91981571e+002 
       1623     6.91965915e+002 
       1624     6.91946371e+002 
       1625     6.91923628e+002 
       1626     6.91898372e+002 
       1627     6.91871286e+002 
       1628     6.91843057e+002 
       1629     6.91814371e+002 
       1630     6.91781428e+002 
       1631     6.91737143e+002 
       1632     6.91680715e+002 
       1633     6.91616428e+002 
       1634     6.91548571e+002 
       1635     6.91481428e+002 
       1636     6.91419286e+002 
       1637     6.91366428e+002 
       1638     6.91327143e+002 
       1639     6.91305715e+002 
       1640     6.91301150e+002 
       1641     6.91305683e+002 
       1642     6.91314584e+002 
       1643     6.91327650e+002 
       1644     6.91344683e+002 
       1645     6.91365483e+002 
       1646     6.91389850e+002 
       1647     6.91417584e+002 
       1648     6.91448484e+002 
       1649     6.91482350e+002 
       1650     6.91536740e+002 
       1651     6.91642926e+002 
       1652     6.91808366e+002 
       1653     6.92020740e+002 
       1654     6.92267726e+002 
       1655     6.92537006e+002 
       1656     6.92816260e+002 
       1657     6.93093167e+002 
       1658     6.93355407e+002 
       1659     6.93590660e+002 
       1660     6.93801340e+002 
       1661     6.94007260e+002 
       1662     6.94217500e+002 
       1663     6.94427740e+002 
       1664     6.94633660e+002 
       1665     6.94830940e+002 
       1666     6.95015260e+002 
       1667     6.95182300e+002 
       1668     6.95327740e+002 
       1669     6.95447260e+002 
       1670     6.95544850e+002 
       1671     6.95633650e+002 
       1672     6.95719750e+002 
       1673     6.95801350e+002 
       1674     6.95876650e+002 
       1675     6.95943850e+002 
       1676     6.96001150e+002 
       1677     6.96046750e+002 
       1678     6.96078850e+002 
       1679     6.96095650e+002 
       1680     6.96089371e+002 
       1681     6.96048915e+002 
       1682     6.95973143e+002 
       1683     6.95868228e+002 
       1684     6.95740343e+002 
       1685     6.95595658e+002 
       1686     6.95440343e+002 
       1687     6.95280571e+002 
       1688     6.95122514e+002 
       1689     6.94972343e+002 
       1690     6.94826857e+002 
       1691     6.94672952e+002 
       1692     6.94506095e+002 
       1693     6.94330857e+002 
       1694     6.94151810e+002 
       1695     6.93973524e+002 
       1696     6.93800571e+002 
       1697     6.93637524e+002 
       1698     6.93488952e+002 
       1699     6.93359428e+002 
       1700     6.93245600e+002 
       1701     6.93135734e+002 
       1702     6.93025333e+002 
       1703     6.92917600e+002 
       1704     6.92815733e+002 
       1705     6.92722933e+002 
       1706     6.92642400e+002 
       1707     6.92577334e+002 
       1708     6.92530933e+002 
       1709     6.92506400e+002 
       1710     6.92504725e+002 
       1711     6.92523080e+002 
       1712     6.92558430e+002 
       1713     6.92609142e+002 
       1714     6.92673581e+002 
       1715     6.92750114e+002 
       1716     6.92837109e+002 
       1717     6.92932931e+002 
       1718     6.93035947e+002 
       1719     6.93144525e+002 
       1720     6.93268493e+002 
       1721     6.93428244e+002 
       1722     6.93631366e+002 
       1723     6.93873536e+002 
       1724     6.94150429e+002 
       1725     6.94457723e+002 
       1726     6.94791093e+002 
       1727     6.95146218e+002 
       1728     6.95518772e+002 
       1729     6.95904433e+002 
       1730     6.96315578e+002 
       1731     6.96779723e+002 
       1732     6.97305345e+002 
       1733     6.97883438e+002 
       1734     6.98504996e+002 
       1735     6.99161016e+002 
       1736     6.99842493e+002 
       1737     7.00540420e+002 
       1738     7.01245793e+002 
       1739     7.01949608e+002 
       1740     7.02657113e+002 
       1741     7.03388600e+002 
       1742     7.04151296e+002 
       1743     7.04938570e+002 
       1744     7.05743787e+002 
       1745     7.06560317e+002 
       1746     7.07381525e+002 
       1747     7.08200781e+002 
       1748     7.09011453e+002 
       1749     7.09806906e+002 
       1750     7.10586882e+002 
       1751     7.11359582e+002 
       1752     7.12129982e+002 
       1753     7.12897732e+002 
       1754     7.13662482e+002 
       1755     7.14423882e+002 
       1756     7.15181581e+002 
       1757     7.15935230e+002 
       1758     7.16684481e+002 
       1759     7.17428981e+002 
       1760     7.18171648e+002 
       1761     7.18917498e+002 
       1762     7.19666524e+002 
       1763     7.20414872e+002 
       1764     7.21158684e+002 
       1765     7.21894107e+002 
       1766     7.22617284e+002 
       1767     7.23324360e+002 
       1768     7.24011477e+002 
       1769     7.24674782e+002 
       1770     7.25315729e+002 
       1771     7.25941967e+002 
       1772     7.26557157e+002 
       1773     7.27160095e+002 
       1774     7.27749577e+002 
       1775     7.28324398e+002 
       1776     7.28883351e+002 
       1777     7.29425232e+002 
       1778     7.29948837e+002 
       1779     7.30452960e+002 
       1780     7.30931438e+002 
       1781     7.31376753e+002 
       1782     7.31791743e+002 
       1783     7.32186008e+002 
       1784     7.32569146e+002 
       1785     7.32950754e+002 
       1786     7.33340430e+002 
       1787     7.33747773e+002 
       1788     7.34182380e+002 
       1789     7.34653850e+002 
       1790     7.35168023e+002 
       1791     7.35722819e+002 
       1792     7.36313665e+002 
       1793     7.36937661e+002 
       1794     7.37591907e+002 
       1795     7.38273504e+002 
       1796     7.38979554e+002 
       1797     7.39707157e+002 
       1798     7.40453411e+002 
       1799     7.41215420e+002 
       1800     7.42000751e+002 
       1801     7.42825811e+002 
       1802     7.43694090e+002 
       1803     7.44597794e+002 
       1804     7.45529131e+002 
       1805     7.46480306e+002 
       1806     7.47443526e+002 
       1807     7.48410996e+002 
       1808     7.49374922e+002 
       1809     7.50327513e+002 
       1810     7.51268828e+002 
       1811     7.52209073e+002 
       1812     7.53154044e+002 
       1813     7.54102825e+002 
       1814     7.55054501e+002 
       1815     7.56008159e+002 
       1816     7.56962883e+002 
       1817     7.57917760e+002 
       1818     7.58871875e+002 
       1819     7.59824314e+002 
       1820     7.60774776e+002 
       1821     7.61723980e+002 
       1822     7.62672637e+002 
       1823     7.63621046e+002 
       1824     7.64569504e+002 
       1825     7.65518310e+002 
       1826     7.66467763e+002 
       1827     7.67418161e+002 
       1828     7.68369802e+002 
       1829     7.69322985e+002 
       1830     7.70273889e+002 
       1831     7.71216181e+002 
       1832     7.72150070e+002 
       1833     7.73080687e+002 
       1834     7.74013165e+002 
       1835     7.74952635e+002 
       1836     7.75904231e+002 
       1837     7.76873084e+002 
       1838     7.77864328e+002 
       1839     7.78883094e+002 
       1840     7.79940503e+002 
       1841     7.81047617e+002 
       1842     7.82200446e+002 
       1843     7.83385994e+002 
       1844     7.84591261e+002 
       1845     7.85803252e+002 
       1846     7.87008969e+002 
       1847     7.88195412e+002 
       1848     7.89349584e+002 
       1849     7.90458490e+002 
       1850     7.91500000e+002 
       1851     7.93000000e+002 
       1852     7.94500000e+002 
       1853     7.96000000e+002 
       1854     7.97500000e+002 
       1855     7.98500000e+002 
       1856     8.00000000e+002 
       1857     8.01500000e+002 
       1858     8.03000000e+002 
       1859     8.04500000e+002 
       1860     8.06000000e+002 
       1861     8.07500000e+002 
       1862     8.09000000e+002 
       1863     8.10500000e+002 
       1864     8.12000000e+002 
       1865     8.14000000e+002 
       1866     8.15500000e+002 
       1867     8.17000000e+002 
       1868     8.18500000e+002 
       1869     8.20000000e+002 
       1870     8.22000000e+002 
       1871     8.23500000e+002 
       1872     8.25000000e+002 
       1873     8.26500000e+002 
       1874     8.28000000e+002 
       1875     8.30000000e+002 
       1876     8.31500000e+002 
       1877     8.33000000e+002 
       1878     8.34500000e+002 
       1879     8.36000000e+002 
       1880     8.38000000e+002 
       1881     8.40000000e+002 
       1882     8.42000000e+002 
       1883     8.44000000e+002 
       1884     8.45500000e+002 
       1885     8.47000000e+002 
       1886     8.49000000e+002 
       1887     8.51000000e+002 
       1888     8.53000000e+002 
       1889     8.55000000e+002 
       1890     8.57000000e+002 
       1891     8.59500000e+002 
       1892     8.62000000e+002 
       1893     8.64000000e+002 
       1894     8.66000000e+002 
       1895     8.68500000e+002 
       1896     8.71000000e+002 
       1897     8.73000000e+002 
       1898     8.75500000e+002 
       1899     8.78000000e+002 
       1900     8.81000000e+002 
       1901     8.85000000e+002 
       1902     8.89000000e+002 
       1903     8.93500000e+002 
       1904     8.98000000e+002 
       1905     9.02500000e+002 
       1906     9.07000000e+002 
       1907     9.11500000e+002 
       1908     9.16500000e+002 
       1909     9.21500000e+002 
       1910     9.26000000e+002 
       1911     9.30500000e+002 
       1912     9.35500000e+002 
       1913     9.41000000e+002 
       1914     9.46500000e+002 
       1915     9.52000000e+002 
       1916     9.57500000e+002 
       1917     9.63000000e+002 
       1918     9.69000000e+002 
       1919     9.75000000e+002 
       1920     9.80500000e+002 
       1921     9.86000000e+002 
       1922     9.92000000e+002 
       1923     9.98000000e+002 
       1924     1.00400000e+003 
       1925     1.01000000e+003 
       1926     1.01600000e+003 
       1927     1.02200000e+003 
       1928     1.02800000e+003 
       1929     1.03350000e+003 
       1930     1.03900000e+003 
       1931     1.04450000e+003 
       1932     1.05000000e+003 
       1933     1.05550000e+003 
       1934     1.06050000e+003 
       1935     1.06550000e+003 
       1936     1.07050000e+003 
       1937     1.07550000e+003 
       1938     1.08050000e+003 
       1939     1.08550000e+003 
       1940     1.09100000e+003 
       1941     1.09650000e+003 
       1942     1.10150000e+003 
       1943     1.10650000e+003 
       1944     1.11200000e+003 
       1945     1.11750000e+003 
       1946     1.12350000e+003 
       1947     1.13000000e+003 
       1948     1.13650000e+003 
       1949     1.14350000e+003 
       1950     1.15100000e+003 
       1951     1.15900000e+003 
       1952     1.16800000e+003 
       1953     1.17750000e+003 
       1954     1.18700000e+003 
       1955     1.19700000e+003 
       1956     1.20750000e+003 
       1957     1.21850000e+003 
       1958     1.22950000e+003 
       1959     1.24100000e+003 
       1960     1.25300000e+003 
       1961     1.26550000e+003 
       1962     1.27850000e+003 
       1963     1.29150000e+003 
       1964     1.30500000e+003 
       1965     1.31900000e+003 
       1966     1.33300000e+003 
       1967     1.34750000e+003 
       1968     1.36250000e+003 
       1969     1.37800000e+003 
       1970     1.39350000e+003 
       1971     1.40900000e+003 
       1972     1.42500000e+003 
       1973     1.44100000e+003 
       1974     1.45700000e+003 
       1975     1.47300000e+003 
       1976     1.48900000e+003 
       1977     1.50550000e+003 
       1978     1.52200000e+003 
       1979     1.53850000e+003 
       1980     1.55700000e+003 
       1981     1.57650000e+003 
       1982     1.59600000e+003 
       1983     1.61569000e+003 
       1984     1.63172000e+003 
       1985     1.64426500e+003 
       1986     1.65660500e+003 
       1987     1.66779500e+003 
       1988     1.67834500e+003 
       1989     1.68859500e+003 
       1990     1.69866500e+003 
       1991     1.70897000e+003 
       1992     1.71463000e+003 
       1993     1.71795000e+003 
       1994     1.72407500e+003 
       1995     1.72862500e+003 
       1996     1.73139500e+003 
       1997     1.73824000e+003 
       1998     1.74718000e+003 
       1999     1.75130500e+003 
       2000     1.75074000e+003 
       2001     1.75067500e+003 
       2002     1.75370000e+003 
       2003     1.75582000e+003 
       2004     1.75431000e+003 
       2005     1.75316000e+003 
       2006     1.75692500e+003 
       2007     1.76312000e+003 
       2008     1.76856000e+003 
