
__MAGICC 6.X DATA FILE__ 

Description: EDGAR4-HISTORY; MAGICC 6.X data file build for EDGAR4- HISTORY - derived from PRIMAPDB with retrieval setting set histemisfile for source EDGAR4 and scenario HISTORY - Historical fossil&industrial C6F14 (C6F14I) Emissions 
Compiled by: Malte Meinshausen, PIK Potsdam, malte.meinshausen@pik-potsdam.de 
Date: 16-Oct-2009 19:11:10  

&THISFILE_SPECIFICATIONS
 THISFILE_DATACOLUMNS    =    6  ,
 THISFILE_FIRSTYEAR      = 1765  ,
 THISFILE_LASTYEAR       = 2005  ,
 THISFILE_ANNUALSTEPS    =    1  ,
 THISFILE_FIRSTDATAROW   =   19  ,
 THISFILE_UNITS          = kt  ,
 THISFILE_DATTYPE        = REGIONDATA  ,
/  

    COLCODE              R5OECD               R5REF              R5ASIA               R5MAF               R5LAM             BUNKERS
       1765     0.00000000e+000     0.00000000e+000     0.00000000e+000     0.00000000e+000     0.00000000e+000     0.00000000e+000 
       1766     0.00000000e+000     0.00000000e+000     0.00000000e+000     0.00000000e+000     0.00000000e+000     0.00000000e+000 
       1767     0.00000000e+000     0.00000000e+000     0.00000000e+000     0.00000000e+000     0.00000000e+000     0.00000000e+000 
       1768     0.00000000e+000     0.00000000e+000     0.00000000e+000     0.00000000e+000     0.00000000e+000     0.00000000e+000 
       1769     0.00000000e+000     0.00000000e+000     0.00000000e+000     0.00000000e+000     0.00000000e+000     0.00000000e+000 
       1770     0.00000000e+000     0.00000000e+000     0.00000000e+000     0.00000000e+000     0.00000000e+000     0.00000000e+000 
       1771     0.00000000e+000     0.00000000e+000     0.00000000e+000     0.00000000e+000     0.00000000e+000     0.00000000e+000 
       1772     0.00000000e+000     0.00000000e+000     0.00000000e+000     0.00000000e+000     0.00000000e+000     0.00000000e+000 
       1773     0.00000000e+000     0.00000000e+000     0.00000000e+000     0.00000000e+000     0.00000000e+000     0.00000000e+000 
       1774     0.00000000e+000     0.00000000e+000     0.00000000e+000     0.00000000e+000     0.00000000e+000     0.00000000e+000 
       1775     0.00000000e+000     0.00000000e+000     0.00000000e+000     0.00000000e+000     0.00000000e+000     0.00000000e+000 
       1776     0.00000000e+000     0.00000000e+000     0.00000000e+000     0.00000000e+000     0.00000000e+000     0.00000000e+000 
       1777     0.00000000e+000     0.00000000e+000     0.00000000e+000     0.00000000e+000     0.00000000e+000     0.00000000e+000 
       1778     0.00000000e+000     0.00000000e+000     0.00000000e+000     0.00000000e+000     0.00000000e+000     0.00000000e+000 
       1779     0.00000000e+000     0.00000000e+000     0.00000000e+000     0.00000000e+000     0.00000000e+000     0.00000000e+000 
       1780     0.00000000e+000     0.00000000e+000     0.00000000e+000     0.00000000e+000     0.00000000e+000     0.00000000e+000 
       1781     0.00000000e+000     0.00000000e+000     0.00000000e+000     0.00000000e+000     0.00000000e+000     0.00000000e+000 
       1782     0.00000000e+000     0.00000000e+000     0.00000000e+000     0.00000000e+000     0.00000000e+000     0.00000000e+000 
       1783     0.00000000e+000     0.00000000e+000     0.00000000e+000     0.00000000e+000     0.00000000e+000     0.00000000e+000 
       1784     0.00000000e+000     0.00000000e+000     0.00000000e+000     0.00000000e+000     0.00000000e+000     0.00000000e+000 
       1785     0.00000000e+000     0.00000000e+000     0.00000000e+000     0.00000000e+000     0.00000000e+000     0.00000000e+000 
       1786     0.00000000e+000     0.00000000e+000     0.00000000e+000     0.00000000e+000     0.00000000e+000     0.00000000e+000 
       1787     0.00000000e+000     0.00000000e+000     0.00000000e+000     0.00000000e+000     0.00000000e+000     0.00000000e+000 
       1788     0.00000000e+000     0.00000000e+000     0.00000000e+000     0.00000000e+000     0.00000000e+000     0.00000000e+000 
       1789     0.00000000e+000     0.00000000e+000     0.00000000e+000     0.00000000e+000     0.00000000e+000     0.00000000e+000 
       1790     0.00000000e+000     0.00000000e+000     0.00000000e+000     0.00000000e+000     0.00000000e+000     0.00000000e+000 
       1791     0.00000000e+000     0.00000000e+000     0.00000000e+000     0.00000000e+000     0.00000000e+000     0.00000000e+000 
       1792     0.00000000e+000     0.00000000e+000     0.00000000e+000     0.00000000e+000     0.00000000e+000     0.00000000e+000 
       1793     0.00000000e+000     0.00000000e+000     0.00000000e+000     0.00000000e+000     0.00000000e+000     0.00000000e+000 
       1794     0.00000000e+000     0.00000000e+000     0.00000000e+000     0.00000000e+000     0.00000000e+000     0.00000000e+000 
       1795     0.00000000e+000     0.00000000e+000     0.00000000e+000     0.00000000e+000     0.00000000e+000     0.00000000e+000 
       1796     0.00000000e+000     0.00000000e+000     0.00000000e+000     0.00000000e+000     0.00000000e+000     0.00000000e+000 
       1797     0.00000000e+000     0.00000000e+000     0.00000000e+000     0.00000000e+000     0.00000000e+000     0.00000000e+000 
       1798     0.00000000e+000     0.00000000e+000     0.00000000e+000     0.00000000e+000     0.00000000e+000     0.00000000e+000 
       1799     0.00000000e+000     0.00000000e+000     0.00000000e+000     0.00000000e+000     0.00000000e+000     0.00000000e+000 
       1800     0.00000000e+000     0.00000000e+000     0.00000000e+000     0.00000000e+000     0.00000000e+000     0.00000000e+000 
       1801     0.00000000e+000     0.00000000e+000     0.00000000e+000     0.00000000e+000     0.00000000e+000     0.00000000e+000 
       1802     0.00000000e+000     0.00000000e+000     0.00000000e+000     0.00000000e+000     0.00000000e+000     0.00000000e+000 
       1803     0.00000000e+000     0.00000000e+000     0.00000000e+000     0.00000000e+000     0.00000000e+000     0.00000000e+000 
       1804     0.00000000e+000     0.00000000e+000     0.00000000e+000     0.00000000e+000     0.00000000e+000     0.00000000e+000 
       1805     0.00000000e+000     0.00000000e+000     0.00000000e+000     0.00000000e+000     0.00000000e+000     0.00000000e+000 
       1806     0.00000000e+000     0.00000000e+000     0.00000000e+000     0.00000000e+000     0.00000000e+000     0.00000000e+000 
       1807     0.00000000e+000     0.00000000e+000     0.00000000e+000     0.00000000e+000     0.00000000e+000     0.00000000e+000 
       1808     0.00000000e+000     0.00000000e+000     0.00000000e+000     0.00000000e+000     0.00000000e+000     0.00000000e+000 
       1809     0.00000000e+000     0.00000000e+000     0.00000000e+000     0.00000000e+000     0.00000000e+000     0.00000000e+000 
       1810     0.00000000e+000     0.00000000e+000     0.00000000e+000     0.00000000e+000     0.00000000e+000     0.00000000e+000 
       1811     0.00000000e+000     0.00000000e+000     0.00000000e+000     0.00000000e+000     0.00000000e+000     0.00000000e+000 
       1812     0.00000000e+000     0.00000000e+000     0.00000000e+000     0.00000000e+000     0.00000000e+000     0.00000000e+000 
       1813     0.00000000e+000     0.00000000e+000     0.00000000e+000     0.00000000e+000     0.00000000e+000     0.00000000e+000 
       1814     0.00000000e+000     0.00000000e+000     0.00000000e+000     0.00000000e+000     0.00000000e+000     0.00000000e+000 
       1815     0.00000000e+000     0.00000000e+000     0.00000000e+000     0.00000000e+000     0.00000000e+000     0.00000000e+000 
       1816     0.00000000e+000     0.00000000e+000     0.00000000e+000     0.00000000e+000     0.00000000e+000     0.00000000e+000 
       1817     0.00000000e+000     0.00000000e+000     0.00000000e+000     0.00000000e+000     0.00000000e+000     0.00000000e+000 
       1818     0.00000000e+000     0.00000000e+000     0.00000000e+000     0.00000000e+000     0.00000000e+000     0.00000000e+000 
       1819     0.00000000e+000     0.00000000e+000     0.00000000e+000     0.00000000e+000     0.00000000e+000     0.00000000e+000 
       1820     0.00000000e+000     0.00000000e+000     0.00000000e+000     0.00000000e+000     0.00000000e+000     0.00000000e+000 
       1821     0.00000000e+000     0.00000000e+000     0.00000000e+000     0.00000000e+000     0.00000000e+000     0.00000000e+000 
       1822     0.00000000e+000     0.00000000e+000     0.00000000e+000     0.00000000e+000     0.00000000e+000     0.00000000e+000 
       1823     0.00000000e+000     0.00000000e+000     0.00000000e+000     0.00000000e+000     0.00000000e+000     0.00000000e+000 
       1824     0.00000000e+000     0.00000000e+000     0.00000000e+000     0.00000000e+000     0.00000000e+000     0.00000000e+000 
       1825     0.00000000e+000     0.00000000e+000     0.00000000e+000     0.00000000e+000     0.00000000e+000     0.00000000e+000 
       1826     0.00000000e+000     0.00000000e+000     0.00000000e+000     0.00000000e+000     0.00000000e+000     0.00000000e+000 
       1827     0.00000000e+000     0.00000000e+000     0.00000000e+000     0.00000000e+000     0.00000000e+000     0.00000000e+000 
       1828     0.00000000e+000     0.00000000e+000     0.00000000e+000     0.00000000e+000     0.00000000e+000     0.00000000e+000 
       1829     0.00000000e+000     0.00000000e+000     0.00000000e+000     0.00000000e+000     0.00000000e+000     0.00000000e+000 
       1830     0.00000000e+000     0.00000000e+000     0.00000000e+000     0.00000000e+000     0.00000000e+000     0.00000000e+000 
       1831     0.00000000e+000     0.00000000e+000     0.00000000e+000     0.00000000e+000     0.00000000e+000     0.00000000e+000 
       1832     0.00000000e+000     0.00000000e+000     0.00000000e+000     0.00000000e+000     0.00000000e+000     0.00000000e+000 
       1833     0.00000000e+000     0.00000000e+000     0.00000000e+000     0.00000000e+000     0.00000000e+000     0.00000000e+000 
       1834     0.00000000e+000     0.00000000e+000     0.00000000e+000     0.00000000e+000     0.00000000e+000     0.00000000e+000 
       1835     0.00000000e+000     0.00000000e+000     0.00000000e+000     0.00000000e+000     0.00000000e+000     0.00000000e+000 
       1836     0.00000000e+000     0.00000000e+000     0.00000000e+000     0.00000000e+000     0.00000000e+000     0.00000000e+000 
       1837     0.00000000e+000     0.00000000e+000     0.00000000e+000     0.00000000e+000     0.00000000e+000     0.00000000e+000 
       1838     0.00000000e+000     0.00000000e+000     0.00000000e+000     0.00000000e+000     0.00000000e+000     0.00000000e+000 
       1839     0.00000000e+000     0.00000000e+000     0.00000000e+000     0.00000000e+000     0.00000000e+000     0.00000000e+000 
       1840     0.00000000e+000     0.00000000e+000     0.00000000e+000     0.00000000e+000     0.00000000e+000     0.00000000e+000 
       1841     0.00000000e+000     0.00000000e+000     0.00000000e+000     0.00000000e+000     0.00000000e+000     0.00000000e+000 
       1842     0.00000000e+000     0.00000000e+000     0.00000000e+000     0.00000000e+000     0.00000000e+000     0.00000000e+000 
       1843     0.00000000e+000     0.00000000e+000     0.00000000e+000     0.00000000e+000     0.00000000e+000     0.00000000e+000 
       1844     0.00000000e+000     0.00000000e+000     0.00000000e+000     0.00000000e+000     0.00000000e+000     0.00000000e+000 
       1845     0.00000000e+000     0.00000000e+000     0.00000000e+000     0.00000000e+000     0.00000000e+000     0.00000000e+000 
       1846     0.00000000e+000     0.00000000e+000     0.00000000e+000     0.00000000e+000     0.00000000e+000     0.00000000e+000 
       1847     0.00000000e+000     0.00000000e+000     0.00000000e+000     0.00000000e+000     0.00000000e+000     0.00000000e+000 
       1848     0.00000000e+000     0.00000000e+000     0.00000000e+000     0.00000000e+000     0.00000000e+000     0.00000000e+000 
       1849     0.00000000e+000     0.00000000e+000     0.00000000e+000     0.00000000e+000     0.00000000e+000     0.00000000e+000 
       1850     0.00000000e+000     0.00000000e+000     0.00000000e+000     0.00000000e+000     0.00000000e+000     0.00000000e+000 
       1851     0.00000000e+000     0.00000000e+000     0.00000000e+000     0.00000000e+000     0.00000000e+000     0.00000000e+000 
       1852     0.00000000e+000     0.00000000e+000     0.00000000e+000     0.00000000e+000     0.00000000e+000     0.00000000e+000 
       1853     0.00000000e+000     0.00000000e+000     0.00000000e+000     0.00000000e+000     0.00000000e+000     0.00000000e+000 
       1854     0.00000000e+000     0.00000000e+000     0.00000000e+000     0.00000000e+000     0.00000000e+000     0.00000000e+000 
       1855     0.00000000e+000     0.00000000e+000     0.00000000e+000     0.00000000e+000     0.00000000e+000     0.00000000e+000 
       1856     0.00000000e+000     0.00000000e+000     0.00000000e+000     0.00000000e+000     0.00000000e+000     0.00000000e+000 
       1857     0.00000000e+000     0.00000000e+000     0.00000000e+000     0.00000000e+000     0.00000000e+000     0.00000000e+000 
       1858     0.00000000e+000     0.00000000e+000     0.00000000e+000     0.00000000e+000     0.00000000e+000     0.00000000e+000 
       1859     0.00000000e+000     0.00000000e+000     0.00000000e+000     0.00000000e+000     0.00000000e+000     0.00000000e+000 
       1860     0.00000000e+000     0.00000000e+000     0.00000000e+000     0.00000000e+000     0.00000000e+000     0.00000000e+000 
       1861     0.00000000e+000     0.00000000e+000     0.00000000e+000     0.00000000e+000     0.00000000e+000     0.00000000e+000 
       1862     0.00000000e+000     0.00000000e+000     0.00000000e+000     0.00000000e+000     0.00000000e+000     0.00000000e+000 
       1863     0.00000000e+000     0.00000000e+000     0.00000000e+000     0.00000000e+000     0.00000000e+000     0.00000000e+000 
       1864     0.00000000e+000     0.00000000e+000     0.00000000e+000     0.00000000e+000     0.00000000e+000     0.00000000e+000 
       1865     0.00000000e+000     0.00000000e+000     0.00000000e+000     0.00000000e+000     0.00000000e+000     0.00000000e+000 
       1866     0.00000000e+000     0.00000000e+000     0.00000000e+000     0.00000000e+000     0.00000000e+000     0.00000000e+000 
       1867     0.00000000e+000     0.00000000e+000     0.00000000e+000     0.00000000e+000     0.00000000e+000     0.00000000e+000 
       1868     0.00000000e+000     0.00000000e+000     0.00000000e+000     0.00000000e+000     0.00000000e+000     0.00000000e+000 
       1869     0.00000000e+000     0.00000000e+000     0.00000000e+000     0.00000000e+000     0.00000000e+000     0.00000000e+000 
       1870     0.00000000e+000     0.00000000e+000     0.00000000e+000     0.00000000e+000     0.00000000e+000     0.00000000e+000 
       1871     0.00000000e+000     0.00000000e+000     0.00000000e+000     0.00000000e+000     0.00000000e+000     0.00000000e+000 
       1872     0.00000000e+000     0.00000000e+000     0.00000000e+000     0.00000000e+000     0.00000000e+000     0.00000000e+000 
       1873     0.00000000e+000     0.00000000e+000     0.00000000e+000     0.00000000e+000     0.00000000e+000     0.00000000e+000 
       1874     0.00000000e+000     0.00000000e+000     0.00000000e+000     0.00000000e+000     0.00000000e+000     0.00000000e+000 
       1875     0.00000000e+000     0.00000000e+000     0.00000000e+000     0.00000000e+000     0.00000000e+000     0.00000000e+000 
       1876     0.00000000e+000     0.00000000e+000     0.00000000e+000     0.00000000e+000     0.00000000e+000     0.00000000e+000 
       1877     0.00000000e+000     0.00000000e+000     0.00000000e+000     0.00000000e+000     0.00000000e+000     0.00000000e+000 
       1878     0.00000000e+000     0.00000000e+000     0.00000000e+000     0.00000000e+000     0.00000000e+000     0.00000000e+000 
       1879     0.00000000e+000     0.00000000e+000     0.00000000e+000     0.00000000e+000     0.00000000e+000     0.00000000e+000 
       1880     0.00000000e+000     0.00000000e+000     0.00000000e+000     0.00000000e+000     0.00000000e+000     0.00000000e+000 
       1881     0.00000000e+000     0.00000000e+000     0.00000000e+000     0.00000000e+000     0.00000000e+000     0.00000000e+000 
       1882     0.00000000e+000     0.00000000e+000     0.00000000e+000     0.00000000e+000     0.00000000e+000     0.00000000e+000 
       1883     0.00000000e+000     0.00000000e+000     0.00000000e+000     0.00000000e+000     0.00000000e+000     0.00000000e+000 
       1884     0.00000000e+000     0.00000000e+000     0.00000000e+000     0.00000000e+000     0.00000000e+000     0.00000000e+000 
       1885     0.00000000e+000     0.00000000e+000     0.00000000e+000     0.00000000e+000     0.00000000e+000     0.00000000e+000 
       1886     0.00000000e+000     0.00000000e+000     0.00000000e+000     0.00000000e+000     0.00000000e+000     0.00000000e+000 
       1887     0.00000000e+000     0.00000000e+000     0.00000000e+000     0.00000000e+000     0.00000000e+000     0.00000000e+000 
       1888     0.00000000e+000     0.00000000e+000     0.00000000e+000     0.00000000e+000     0.00000000e+000     0.00000000e+000 
       1889     0.00000000e+000     0.00000000e+000     0.00000000e+000     0.00000000e+000     0.00000000e+000     0.00000000e+000 
       1890     0.00000000e+000     0.00000000e+000     0.00000000e+000     0.00000000e+000     0.00000000e+000     0.00000000e+000 
       1891     0.00000000e+000     0.00000000e+000     0.00000000e+000     0.00000000e+000     0.00000000e+000     0.00000000e+000 
       1892     0.00000000e+000     0.00000000e+000     0.00000000e+000     0.00000000e+000     0.00000000e+000     0.00000000e+000 
       1893     0.00000000e+000     0.00000000e+000     0.00000000e+000     0.00000000e+000     0.00000000e+000     0.00000000e+000 
       1894     0.00000000e+000     0.00000000e+000     0.00000000e+000     0.00000000e+000     0.00000000e+000     0.00000000e+000 
       1895     0.00000000e+000     0.00000000e+000     0.00000000e+000     0.00000000e+000     0.00000000e+000     0.00000000e+000 
       1896     0.00000000e+000     0.00000000e+000     0.00000000e+000     0.00000000e+000     0.00000000e+000     0.00000000e+000 
       1897     0.00000000e+000     0.00000000e+000     0.00000000e+000     0.00000000e+000     0.00000000e+000     0.00000000e+000 
       1898     0.00000000e+000     0.00000000e+000     0.00000000e+000     0.00000000e+000     0.00000000e+000     0.00000000e+000 
       1899     0.00000000e+000     0.00000000e+000     0.00000000e+000     0.00000000e+000     0.00000000e+000     0.00000000e+000 
       1900     0.00000000e+000     0.00000000e+000     0.00000000e+000     0.00000000e+000     0.00000000e+000     0.00000000e+000 
       1901     0.00000000e+000     0.00000000e+000     0.00000000e+000     0.00000000e+000     0.00000000e+000     0.00000000e+000 
       1902     0.00000000e+000     0.00000000e+000     0.00000000e+000     0.00000000e+000     0.00000000e+000     0.00000000e+000 
       1903     0.00000000e+000     0.00000000e+000     0.00000000e+000     0.00000000e+000     0.00000000e+000     0.00000000e+000 
       1904     0.00000000e+000     0.00000000e+000     0.00000000e+000     0.00000000e+000     0.00000000e+000     0.00000000e+000 
       1905     0.00000000e+000     0.00000000e+000     0.00000000e+000     0.00000000e+000     0.00000000e+000     0.00000000e+000 
       1906     0.00000000e+000     0.00000000e+000     0.00000000e+000     0.00000000e+000     0.00000000e+000     0.00000000e+000 
       1907     0.00000000e+000     0.00000000e+000     0.00000000e+000     0.00000000e+000     0.00000000e+000     0.00000000e+000 
       1908     0.00000000e+000     0.00000000e+000     0.00000000e+000     0.00000000e+000     0.00000000e+000     0.00000000e+000 
       1909     0.00000000e+000     0.00000000e+000     0.00000000e+000     0.00000000e+000     0.00000000e+000     0.00000000e+000 
       1910     0.00000000e+000     0.00000000e+000     0.00000000e+000     0.00000000e+000     0.00000000e+000     0.00000000e+000 
       1911     0.00000000e+000     0.00000000e+000     0.00000000e+000     0.00000000e+000     0.00000000e+000     0.00000000e+000 
       1912     0.00000000e+000     0.00000000e+000     0.00000000e+000     0.00000000e+000     0.00000000e+000     0.00000000e+000 
       1913     0.00000000e+000     0.00000000e+000     0.00000000e+000     0.00000000e+000     0.00000000e+000     0.00000000e+000 
       1914     0.00000000e+000     0.00000000e+000     0.00000000e+000     0.00000000e+000     0.00000000e+000     0.00000000e+000 
       1915     0.00000000e+000     0.00000000e+000     0.00000000e+000     0.00000000e+000     0.00000000e+000     0.00000000e+000 
       1916     0.00000000e+000     0.00000000e+000     0.00000000e+000     0.00000000e+000     0.00000000e+000     0.00000000e+000 
       1917     0.00000000e+000     0.00000000e+000     0.00000000e+000     0.00000000e+000     0.00000000e+000     0.00000000e+000 
       1918     0.00000000e+000     0.00000000e+000     0.00000000e+000     0.00000000e+000     0.00000000e+000     0.00000000e+000 
       1919     0.00000000e+000     0.00000000e+000     0.00000000e+000     0.00000000e+000     0.00000000e+000     0.00000000e+000 
       1920     0.00000000e+000     0.00000000e+000     0.00000000e+000     0.00000000e+000     0.00000000e+000     0.00000000e+000 
       1921     0.00000000e+000     0.00000000e+000     0.00000000e+000     0.00000000e+000     0.00000000e+000     0.00000000e+000 
       1922     0.00000000e+000     0.00000000e+000     0.00000000e+000     0.00000000e+000     0.00000000e+000     0.00000000e+000 
       1923     0.00000000e+000     0.00000000e+000     0.00000000e+000     0.00000000e+000     0.00000000e+000     0.00000000e+000 
       1924     0.00000000e+000     0.00000000e+000     0.00000000e+000     0.00000000e+000     0.00000000e+000     0.00000000e+000 
       1925     0.00000000e+000     0.00000000e+000     0.00000000e+000     0.00000000e+000     0.00000000e+000     0.00000000e+000 
       1926     0.00000000e+000     0.00000000e+000     0.00000000e+000     0.00000000e+000     0.00000000e+000     0.00000000e+000 
       1927     0.00000000e+000     0.00000000e+000     0.00000000e+000     0.00000000e+000     0.00000000e+000     0.00000000e+000 
       1928     0.00000000e+000     0.00000000e+000     0.00000000e+000     0.00000000e+000     0.00000000e+000     0.00000000e+000 
       1929     0.00000000e+000     0.00000000e+000     0.00000000e+000     0.00000000e+000     0.00000000e+000     0.00000000e+000 
       1930     0.00000000e+000     0.00000000e+000     0.00000000e+000     0.00000000e+000     0.00000000e+000     0.00000000e+000 
       1931     0.00000000e+000     0.00000000e+000     0.00000000e+000     0.00000000e+000     0.00000000e+000     0.00000000e+000 
       1932     0.00000000e+000     0.00000000e+000     0.00000000e+000     0.00000000e+000     0.00000000e+000     0.00000000e+000 
       1933     0.00000000e+000     0.00000000e+000     0.00000000e+000     0.00000000e+000     0.00000000e+000     0.00000000e+000 
       1934     0.00000000e+000     0.00000000e+000     0.00000000e+000     0.00000000e+000     0.00000000e+000     0.00000000e+000 
       1935     0.00000000e+000     0.00000000e+000     0.00000000e+000     0.00000000e+000     0.00000000e+000     0.00000000e+000 
       1936     0.00000000e+000     0.00000000e+000     0.00000000e+000     0.00000000e+000     0.00000000e+000     0.00000000e+000 
       1937     0.00000000e+000     0.00000000e+000     0.00000000e+000     0.00000000e+000     0.00000000e+000     0.00000000e+000 
       1938     0.00000000e+000     0.00000000e+000     0.00000000e+000     0.00000000e+000     0.00000000e+000     0.00000000e+000 
       1939     0.00000000e+000     0.00000000e+000     0.00000000e+000     0.00000000e+000     0.00000000e+000     0.00000000e+000 
       1940     0.00000000e+000     0.00000000e+000     0.00000000e+000     0.00000000e+000     0.00000000e+000     0.00000000e+000 
       1941     0.00000000e+000     0.00000000e+000     0.00000000e+000     0.00000000e+000     0.00000000e+000     0.00000000e+000 
       1942     0.00000000e+000     0.00000000e+000     0.00000000e+000     0.00000000e+000     0.00000000e+000     0.00000000e+000 
       1943     0.00000000e+000     0.00000000e+000     0.00000000e+000     0.00000000e+000     0.00000000e+000     0.00000000e+000 
       1944     0.00000000e+000     0.00000000e+000     0.00000000e+000     0.00000000e+000     0.00000000e+000     0.00000000e+000 
       1945     0.00000000e+000     0.00000000e+000     0.00000000e+000     0.00000000e+000     0.00000000e+000     0.00000000e+000 
       1946     0.00000000e+000     0.00000000e+000     0.00000000e+000     0.00000000e+000     0.00000000e+000     0.00000000e+000 
       1947     0.00000000e+000     0.00000000e+000     0.00000000e+000     0.00000000e+000     0.00000000e+000     0.00000000e+000 
       1948     0.00000000e+000     0.00000000e+000     0.00000000e+000     0.00000000e+000     0.00000000e+000     0.00000000e+000 
       1949     0.00000000e+000     0.00000000e+000     0.00000000e+000     0.00000000e+000     0.00000000e+000     0.00000000e+000 
       1950     0.00000000e+000     0.00000000e+000     0.00000000e+000     0.00000000e+000     0.00000000e+000     0.00000000e+000 
       1951     0.00000000e+000     0.00000000e+000     0.00000000e+000     0.00000000e+000     0.00000000e+000     0.00000000e+000 
       1952     0.00000000e+000     0.00000000e+000     0.00000000e+000     0.00000000e+000     0.00000000e+000     0.00000000e+000 
       1953     0.00000000e+000     0.00000000e+000     0.00000000e+000     0.00000000e+000     0.00000000e+000     0.00000000e+000 
       1954     0.00000000e+000     0.00000000e+000     0.00000000e+000     0.00000000e+000     0.00000000e+000     0.00000000e+000 
       1955     0.00000000e+000     0.00000000e+000     0.00000000e+000     0.00000000e+000     0.00000000e+000     0.00000000e+000 
       1956     0.00000000e+000     0.00000000e+000     0.00000000e+000     0.00000000e+000     0.00000000e+000     0.00000000e+000 
       1957     0.00000000e+000     0.00000000e+000     0.00000000e+000     0.00000000e+000     0.00000000e+000     0.00000000e+000 
       1958     0.00000000e+000     0.00000000e+000     0.00000000e+000     0.00000000e+000     0.00000000e+000     0.00000000e+000 
       1959     0.00000000e+000     0.00000000e+000     0.00000000e+000     0.00000000e+000     0.00000000e+000     0.00000000e+000 
       1960     0.00000000e+000     0.00000000e+000     0.00000000e+000     0.00000000e+000     0.00000000e+000     0.00000000e+000 
       1961     0.00000000e+000     0.00000000e+000     0.00000000e+000     0.00000000e+000     0.00000000e+000     0.00000000e+000 
       1962     0.00000000e+000     0.00000000e+000     0.00000000e+000     0.00000000e+000     0.00000000e+000     0.00000000e+000 
       1963     0.00000000e+000     0.00000000e+000     0.00000000e+000     0.00000000e+000     0.00000000e+000     0.00000000e+000 
       1964     0.00000000e+000     0.00000000e+000     0.00000000e+000     0.00000000e+000     0.00000000e+000     0.00000000e+000 
       1965     0.00000000e+000     0.00000000e+000     0.00000000e+000     0.00000000e+000     0.00000000e+000     0.00000000e+000 
       1966     0.00000000e+000     0.00000000e+000     0.00000000e+000     0.00000000e+000     0.00000000e+000     0.00000000e+000 
       1967     0.00000000e+000     0.00000000e+000     0.00000000e+000     0.00000000e+000     0.00000000e+000     0.00000000e+000 
       1968     0.00000000e+000     0.00000000e+000     0.00000000e+000     0.00000000e+000     0.00000000e+000     0.00000000e+000 
       1969     0.00000000e+000     0.00000000e+000     0.00000000e+000     0.00000000e+000     0.00000000e+000     0.00000000e+000 
       1970     0.00000000e+000     0.00000000e+000     0.00000000e+000     0.00000000e+000     0.00000000e+000     0.00000000e+000 
       1971     0.00000000e+000     0.00000000e+000     0.00000000e+000     0.00000000e+000     0.00000000e+000     0.00000000e+000 
       1972     0.00000000e+000     0.00000000e+000     0.00000000e+000     0.00000000e+000     0.00000000e+000     0.00000000e+000 
       1973     0.00000000e+000     0.00000000e+000     0.00000000e+000     0.00000000e+000     0.00000000e+000     0.00000000e+000 
       1974     0.00000000e+000     0.00000000e+000     0.00000000e+000     0.00000000e+000     0.00000000e+000     0.00000000e+000 
       1975     0.00000000e+000     0.00000000e+000     0.00000000e+000     0.00000000e+000     0.00000000e+000     0.00000000e+000 
       1976     0.00000000e+000     0.00000000e+000     0.00000000e+000     0.00000000e+000     0.00000000e+000     0.00000000e+000 
       1977     0.00000000e+000     0.00000000e+000     0.00000000e+000     0.00000000e+000     0.00000000e+000     0.00000000e+000 
       1978     0.00000000e+000     0.00000000e+000     0.00000000e+000     0.00000000e+000     0.00000000e+000     0.00000000e+000 
       1979     0.00000000e+000     0.00000000e+000     0.00000000e+000     0.00000000e+000     0.00000000e+000     0.00000000e+000 
       1980     2.27338159e-002     8.81595060e-003     0.00000000e+000     0.00000000e+000     0.00000000e+000     0.00000000e+000 
       1981     5.54676191e-002     8.86948910e-003     0.00000000e+000     0.00000000e+000     0.00000000e+000     0.00000000e+000 
       1982     8.81999927e-002     8.92135000e-003     0.00000000e+000     0.00000000e+000     0.00000000e+000     0.00000000e+000 
       1983     1.20932781e-001     8.97256370e-003     0.00000000e+000     0.00000000e+000     0.00000000e+000     0.00000000e+000 
       1984     1.53667969e-001     9.02460660e-003     0.00000000e+000     0.00000000e+000     0.00000000e+000     0.00000000e+000 
       1985     1.86406363e-001     9.07817320e-003     0.00000000e+000     0.00000000e+000     0.00000000e+000     0.00000000e+000 
       1986     2.19150326e-001     9.13395940e-003     0.00000000e+000     0.00000000e+000     0.00000000e+000     0.00000000e+000 
       1987     2.51898720e-001     9.19045990e-003     0.00000000e+000     0.00000000e+000     0.00000000e+000     0.00000000e+000 
       1988     2.84651947e-001     9.24335800e-003     0.00000000e+000     0.00000000e+000     0.00000000e+000     0.00000000e+000 
       1989     3.17410370e-001     9.28687220e-003     0.00000000e+000     0.00000000e+000     0.00000000e+000     0.00000000e+000 
       1990     3.50172989e-001     9.31692390e-003     0.00000000e+000     0.00000000e+000     0.00000000e+000     0.00000000e+000 
       1991     4.98734372e-001     9.33195310e-003     0.00000000e+000     0.00000000e+000     0.00000000e+000     0.00000000e+000 
       1992     6.47300928e-001     9.33324890e-003     0.00000000e+000     0.00000000e+000     0.00000000e+000     0.00000000e+000 
       1993     7.95868910e-001     9.32320740e-003     0.00000000e+000     0.00000000e+000     0.00000000e+000     0.00000000e+000 
       1994     9.44436668e-001     9.30557060e-003     0.00000000e+000     0.00000000e+000     0.00000000e+000     0.00000000e+000 
       1995     1.11233604e+000     1.82570714e-002     0.00000000e+000     0.00000000e+000     0.00000000e+000     0.00000000e+000 
       1996     1.10804370e+000     2.71538840e-002     0.00000000e+000     0.00000000e+000     0.00000000e+000     0.00000000e+000 
       1997     1.11768503e+000     3.59833590e-002     0.00000000e+000     0.00000000e+000     0.00000000e+000     0.00000000e+000 
       1998     8.46668982e-001     4.75615030e-002     0.00000000e+000     0.00000000e+000     0.00000000e+000     0.00000000e+000 
       1999     5.69784972e-001     5.79637040e-002     0.00000000e+000     0.00000000e+000     0.00000000e+000     0.00000000e+000 
       2000     4.09190167e-001     5.31732410e-002     0.00000000e+000     0.00000000e+000     0.00000000e+000     0.00000000e+000 
       2001     4.12194780e-001     5.29289980e-002     0.00000000e+000     0.00000000e+000     0.00000000e+000     0.00000000e+000 
       2002     3.53121648e-001     5.26759840e-002     0.00000000e+000     0.00000000e+000     0.00000000e+000     0.00000000e+000 
       2003     3.41512343e-001     5.24184930e-002     0.00000000e+000     0.00000000e+000     0.00000000e+000     0.00000000e+000 
       2004     3.54033813e-001     5.21610440e-002     0.00000000e+000     0.00000000e+000     0.00000000e+000     0.00000000e+000 
       2005     3.83939663e-001     5.19068970e-002     0.00000000e+000     0.00000000e+000     0.00000000e+000     0.00000000e+000 
