RCPTOOL - MAGICC 6.X DATA FILE 
VERSION:   ALPHA - FIRST DRAFT - PRIMAP xls file written on 02 Sep 2009, 17:04:37 
 
 
DATA:  Historical fossil&industrial N2O (N2OI) Emissions (HISTRCP_N2OI_EMIS) 
SOURCE:  RCP data as presented on http://www.iiasa.ac.at/web-apps/tnt/RcpDb, August 2009 
CONTACT:  Base year emissions inventories: Steve Smith (ssmith@pnl.gov) and Jean-Francois Lamarque (Jean-Francois.Lamarque@noaa.gov); RCP 3-PD (IMAGE): Detlef van Vuuren (detlef.vanvuuren@pbl.nl); RCP 4.5 (MiniCAM): Allison Thomson (Allison.Thomson@pnl.gov); RCP 6.0 (AIM): Toshihiko Masui (masui@nies.go.jp); RCP 8.5 (MESSAGE): Keywan Riahi (riahi@iiasa.ac.at); Concentrations & Forcing compilation: Malte Meinshausen (malte.meinshausen@pik-potsdam.de) 
 
 
 
 

&THISFILE_SPECIFICATIONS 
 THISFILE_DATACOLUMNS    =    6  ,
 THISFILE_FIRSTYEAR      = 1765  ,
 THISFILE_LASTYEAR       = 2005  ,
 THISFILE_ANNUALSTEPS    =    1  ,
 THISFILE_FIRSTDATAROW   =   24  ,
 THISFILE_UNITS          = MtN2O-N  ,
 THISFILE_DATTYPE        = REGIONDATA  ,
/  

    COLCODE              R5OECD               R5REF              R5ASIA               R5MAF               R5LAM             BUNKERS
       1765     0.00000000e+000     0.00000000e+000     0.00000000e+000     0.00000000e+000     0.00000000e+000     0.00000000e+000 
       1766     1.39280651e-004     4.40853534e-005     2.43351714e-005     0.00000000e+000     0.00000000e+000     4.73434513e-080 
       1767     1.43588300e-004     4.54488180e-005     2.50878056e-005     0.00000000e+000     0.00000000e+000     4.88076818e-080 
       1768     1.48029175e-004     4.68544515e-005     2.58637171e-005     0.00000000e+000     0.00000000e+000     5.03171977e-080 
       1769     1.52607397e-004     4.83035583e-005     2.66636259e-005     0.00000000e+000     0.00000000e+000     5.18733997e-080 
       1770     1.57327213e-004     4.97974828e-005     2.74882741e-005     0.00000000e+000     0.00000000e+000     5.34777317e-080 
       1771     1.62193004e-004     5.13376111e-005     2.83384269e-005     0.00000000e+000     0.00000000e+000     5.51316821e-080 
       1772     1.67209282e-004     5.29253723e-005     2.92148731e-005     0.00000000e+000     0.00000000e+000     5.68367857e-080 
       1773     1.72380703e-004     5.45622395e-005     3.01184259e-005     0.00000000e+000     0.00000000e+000     5.85946244e-080 
       1774     1.77712065e-004     5.62497314e-005     3.10499236e-005     0.00000000e+000     0.00000000e+000     6.04068293e-080 
       1775     1.83208315e-004     5.79894138e-005     3.20102305e-005     0.00000000e+000     0.00000000e+000     6.22750818e-080 
       1776     1.88874551e-004     5.97829008e-005     3.30002376e-005     0.00000000e+000     0.00000000e+000     6.42011152e-080 
       1777     1.94716032e-004     6.16318565e-005     3.40208635e-005     0.00000000e+000     0.00000000e+000     6.61867167e-080 
       1778     2.00738177e-004     6.35379964e-005     3.50730552e-005     0.00000000e+000     0.00000000e+000     6.82337286e-080 
       1779     2.06946575e-004     6.55030891e-005     3.61577889e-005     0.00000000e+000     0.00000000e+000     7.03440501e-080 
       1780     2.13346984e-004     6.75289578e-005     3.72760710e-005     0.00000000e+000     0.00000000e+000     7.25196393e-080 
       1781     2.19945344e-004     6.96174823e-005     3.84289392e-005     0.00000000e+000     0.00000000e+000     7.47625147e-080 
       1782     2.26747778e-004     7.17706003e-005     3.96174631e-005     0.00000000e+000     0.00000000e+000     7.70747574e-080 
       1783     2.33760596e-004     7.39903096e-005     4.08427454e-005     0.00000000e+000     0.00000000e+000     7.94585128e-080 
       1784     2.40990305e-004     7.62786697e-005     4.21059231e-005     0.00000000e+000     0.00000000e+000     8.19159926e-080 
       1785     2.48443613e-004     7.86378038e-005     4.34081682e-005     0.00000000e+000     0.00000000e+000     8.44494769e-080 
       1786     2.56127436e-004     8.10699008e-005     4.47506888e-005     0.00000000e+000     0.00000000e+000     8.70613164e-080 
       1787     2.64048903e-004     8.35772173e-005     4.61347308e-005     0.00000000e+000     0.00000000e+000     8.97539344e-080 
       1788     2.72215364e-004     8.61620797e-005     4.75615781e-005     0.00000000e+000     0.00000000e+000     9.25298293e-080 
       1789     2.80634396e-004     8.88268863e-005     4.90325547e-005     0.00000000e+000     0.00000000e+000     9.53915766e-080 
       1790     2.89313810e-004     9.15741096e-005     5.05490255e-005     0.00000000e+000     0.00000000e+000     9.83418315e-080 
       1791     2.98261660e-004     9.44062986e-005     5.21123974e-005     0.00000000e+000     0.00000000e+000     1.01383331e-079 
       1792     3.07486248e-004     9.73260810e-005     5.37241211e-005     0.00000000e+000     0.00000000e+000     1.04518898e-079 
       1793     3.16996132e-004     1.00336166e-004     5.53856918e-005     0.00000000e+000     0.00000000e+000     1.07751442e-079 
       1794     3.26800136e-004     1.03439346e-004     5.70986514e-005     0.00000000e+000     0.00000000e+000     1.11083960e-079 
       1795     3.36907356e-004     1.06638501e-004     5.88645890e-005     0.00000000e+000     0.00000000e+000     1.14519547e-079 
       1796     3.47327172e-004     1.09936599e-004     6.06851433e-005     0.00000000e+000     0.00000000e+000     1.18061389e-079 
       1797     3.58069249e-004     1.13336700e-004     6.25620034e-005     0.00000000e+000     0.00000000e+000     1.21712772e-079 
       1798     3.69143556e-004     1.16841959e-004     6.44969107e-005     0.00000000e+000     0.00000000e+000     1.25477084e-079 
       1799     3.80560367e-004     1.20455628e-004     6.64916606e-005     0.00000000e+000     0.00000000e+000     1.29357819e-079 
       1800     3.92330275e-004     1.24181060e-004     6.85481037e-005     0.00000000e+000     0.00000000e+000     1.33358576e-079 
       1801     4.04464201e-004     1.28021711e-004     7.06681481e-005     0.00000000e+000     0.00000000e+000     1.37483068e-079 
       1802     4.16973403e-004     1.31981146e-004     7.28537609e-005     0.00000000e+000     0.00000000e+000     1.41735122e-079 
       1803     4.29869488e-004     1.36063037e-004     7.51069700e-005     0.00000000e+000     0.00000000e+000     1.46118682e-079 
       1804     4.43164420e-004     1.40271172e-004     7.74298660e-005     0.00000000e+000     0.00000000e+000     1.50637817e-079 
       1805     4.56870536e-004     1.44609455e-004     7.98246042e-005     0.00000000e+000     0.00000000e+000     1.55296718e-079 
       1806     4.71000553e-004     1.49081913e-004     8.22934063e-005     0.00000000e+000     0.00000000e+000     1.60099710e-079 
       1807     4.85567580e-004     1.53692694e-004     8.48385632e-005     0.00000000e+000     0.00000000e+000     1.65051247e-079 
       1808     5.00585134e-004     1.58446076e-004     8.74624363e-005     0.00000000e+000     0.00000000e+000     1.70155925e-079 
       1809     5.16067149e-004     1.63346470e-004     9.01674601e-005     0.00000000e+000     0.00000000e+000     1.75418479e-079 
       1810     5.32027989e-004     1.68398423e-004     9.29561445e-005     0.00000000e+000     0.00000000e+000     1.80843793e-079 
       1811     5.48482462e-004     1.73606621e-004     9.58310768e-005     0.00000000e+000     0.00000000e+000     1.86436900e-079 
       1812     5.65445838e-004     1.78975898e-004     9.87949245e-005     0.00000000e+000     0.00000000e+000     1.92202990e-079 
       1813     5.82933853e-004     1.84511235e-004     1.01850438e-004     0.00000000e+000     0.00000000e+000     1.98147412e-079 
       1814     6.00962735e-004     1.90217768e-004     1.05000451e-004     0.00000000e+000     0.00000000e+000     2.04275682e-079 
       1815     6.19549212e-004     1.96100792e-004     1.08247888e-004     0.00000000e+000     0.00000000e+000     2.10593487e-079 
       1816     6.38710527e-004     2.02165765e-004     1.11595761e-004     0.00000000e+000     0.00000000e+000     2.17106688e-079 
       1817     6.58464461e-004     2.08418315e-004     1.15047176e-004     0.00000000e+000     0.00000000e+000     2.23821327e-079 
       1818     6.78829341e-004     2.14864242e-004     1.18605336e-004     0.00000000e+000     0.00000000e+000     2.30743637e-079 
       1819     6.99824063e-004     2.21509528e-004     1.22273542e-004     0.00000000e+000     0.00000000e+000     2.37880038e-079 
       1820     7.21468107e-004     2.28360338e-004     1.26055198e-004     0.00000000e+000     0.00000000e+000     2.45237152e-079 
       1821     7.43781553e-004     2.35423029e-004     1.29953813e-004     0.00000000e+000     0.00000000e+000     2.52821806e-079 
       1822     7.66785106e-004     2.42704153e-004     1.33973003e-004     0.00000000e+000     0.00000000e+000     2.60641038e-079 
       1823     7.90500110e-004     2.50210467e-004     1.38116498e-004     0.00000000e+000     0.00000000e+000     2.68702101e-079 
       1824     8.14948567e-004     2.57948935e-004     1.42388142e-004     0.00000000e+000     0.00000000e+000     2.77012475e-079 
       1825     8.40153162e-004     2.65926737e-004     1.46791899e-004     0.00000000e+000     0.00000000e+000     2.85579871e-079 
       1826     8.66137280e-004     2.74151276e-004     1.51331854e-004     0.00000000e+000     0.00000000e+000     2.94412238e-079 
       1827     8.92925031e-004     2.82630181e-004     1.56012221e-004     0.00000000e+000     0.00000000e+000     3.03517771e-079 
       1828     9.20541269e-004     2.91371321e-004     1.60837341e-004     0.00000000e+000     0.00000000e+000     3.12904919e-079 
       1829     9.49011617e-004     3.00382805e-004     1.65811692e-004     0.00000000e+000     0.00000000e+000     3.22582391e-079 
       1830     9.78362492e-004     3.09672995e-004     1.70939889e-004     0.00000000e+000     0.00000000e+000     3.32559166e-079 
       1831     1.00862113e-003     3.19250510e-004     1.76226689e-004     0.00000000e+000     0.00000000e+000     3.42844501e-079 
       1832     1.03981559e-003     3.29124237e-004     1.81676999e-004     0.00000000e+000     0.00000000e+000     3.53447939e-079 
       1833     1.07197484e-003     3.39303337e-004     1.87295876e-004     0.00000000e+000     0.00000000e+000     3.64379318e-079 
       1834     1.10512870e-003     3.49797255e-004     1.93088532e-004     0.00000000e+000     0.00000000e+000     3.75648782e-079 
       1835     1.13930794e-003     3.60615727e-004     1.99060342e-004     0.00000000e+000     0.00000000e+000     3.87266785e-079 
       1836     1.17454427e-003     3.71768790e-004     2.05216847e-004     0.00000000e+000     0.00000000e+000     3.99244108e-079 
       1837     1.21087038e-003     3.83266794e-004     2.11563760e-004     0.00000000e+000     0.00000000e+000     4.11591864e-079 
       1838     1.24831998e-003     3.95120406e-004     2.18106969e-004     0.00000000e+000     0.00000000e+000     4.24321510e-079 
       1839     1.28692781e-003     4.07340625e-004     2.24852546e-004     0.00000000e+000     0.00000000e+000     4.37444855e-079 
       1840     1.32672970e-003     4.19938789e-004     2.31806748e-004     0.00000000e+000     0.00000000e+000     4.50974078e-079 
       1841     1.36776258e-003     4.32926586e-004     2.38976029e-004     0.00000000e+000     0.00000000e+000     4.64921730e-079 
       1842     1.41006451e-003     4.46316068e-004     2.46367040e-004     0.00000000e+000     0.00000000e+000     4.79300752e-079 
       1843     1.45367476e-003     4.60119658e-004     2.53986639e-004     0.00000000e+000     0.00000000e+000     4.94124487e-079 
       1844     1.49863377e-003     4.74350163e-004     2.61841896e-004     0.00000000e+000     0.00000000e+000     5.09406687e-079 
       1845     1.54498327e-003     4.89020787e-004     2.69940099e-004     0.00000000e+000     0.00000000e+000     5.25161533e-079 
       1846     1.59276626e-003     5.04145141e-004     2.78288762e-004     0.00000000e+000     0.00000000e+000     5.41403643e-079 
       1847     1.64202707e-003     5.19737259e-004     2.86895631e-004     0.00000000e+000     0.00000000e+000     5.58148085e-079 
       1848     1.69281141e-003     5.35811607e-004     2.95768692e-004     0.00000000e+000     0.00000000e+000     5.75410397e-079 
       1849     1.74516640e-003     5.52383100e-004     3.04916177e-004     0.00000000e+000     0.00000000e+000     5.93206595e-079 
       1850     1.79914062e-003     5.69467113e-004     3.14346574e-004     0.00000000e+000     0.00000000e+000     6.11553191e-079 
       1851     1.82250608e-003     5.76862790e-004     3.18428997e-004     0.00000000e+000     0.00000000e+000     4.76525844e-077 
       1852     1.93933340e-003     6.13841176e-004     3.38841114e-004     0.00000000e+000     0.00000000e+000     2.99090243e-075 
       1853     2.12446675e-003     6.72439905e-004     3.71187686e-004     1.42834516e-005     1.25204907e-005     1.57155847e-073 
       1854     2.21646842e-003     7.01560432e-004     3.87262255e-004     2.59327979e-005     2.27319954e-005     7.10136425e-072 
       1855     2.26417515e-003     7.16660650e-004     3.95597594e-004     1.81477919e-005     1.59078679e-005     2.81472835e-070 
       1856     2.42744019e-003     7.68337584e-004     4.24123328e-004     2.04868952e-005     1.79582631e-005     9.93612235e-069 
       1857     2.61521268e-003     8.27771658e-004     4.56931013e-004     1.37153099e-005     1.20224729e-005     3.16163451e-067 
       1858     2.77778039e-003     8.79227872e-004     4.85334909e-004     2.16176963e-005     1.89494930e-005     9.15723004e-066 
       1859     2.84613738e-003     9.00864345e-004     4.97278269e-004     3.54946668e-005     3.11136733e-005     2.43381316e-064 
       1860     3.03182694e-003     9.59639126e-004     5.29722024e-004     4.53406407e-005     3.97443901e-005     5.97636592e-063 
       1861     3.14962749e-003     9.96925562e-004     5.50304184e-004     3.75761639e-005     3.29382579e-005     1.36375420e-061 
       1862     3.31381347e-003     1.04889399e-003     5.78990824e-004     3.25680434e-005     2.85482737e-005     2.98495869e-060 
       1863     3.43084752e-003     1.08593782e-003     5.99439062e-004     3.09186713e-005     2.71024784e-005     6.27722738e-059 
       1864     3.64055381e-003     1.15231441e-003     6.36079028e-004     3.55688974e-005     3.11787418e-005     1.27026111e-057 
       1865     4.03766164e-003     1.27800767e-003     7.05461868e-004     3.64068147e-005     3.19132377e-005     2.47703722e-056 
       1866     4.29363482e-003     1.35902875e-003     7.50185605e-004     4.47590399e-005     3.92345744e-005     4.66080590e-055 
       1867     4.05978047e-003     1.28500876e-003     7.09326479e-004     4.63524960e-005     4.06313553e-005     8.47253539e-054 
       1868     4.38732475e-003     1.38868365e-003     7.66555147e-004     4.29394353e-005     3.76395578e-005     1.48966605e-052 
       1869     4.45674525e-003     1.41065675e-003     7.78684326e-004     4.83316723e-005     4.23662481e-005     2.53603152e-051 
       1870     4.52598684e-003     1.43257321e-003     7.90782244e-004     5.51512626e-005     4.83441182e-005     4.18454679e-050 
       1871     4.57103350e-003     1.44683146e-003     7.98652814e-004     6.85883618e-005     6.01227191e-005     6.69856181e-049 
       1872     4.89400917e-003     1.54906028e-003     8.55083253e-004     1.01623791e-004     8.90806911e-005     1.00529654e-047 
       1873     5.49577040e-003     1.73953079e-003     9.60223219e-004     1.47423841e-004     1.29227786e-004     1.41998940e-046 
       1874     5.66170969e-003     1.79205418e-003     9.89216198e-004     1.28427751e-004     1.12576323e-004     1.89434409e-045 
       1875     5.96333811e-003     1.88752613e-003     1.04191684e-003     1.45361898e-004     1.27420343e-004     2.39418271e-044 
       1876     6.33391210e-003     2.00482085e-003     1.10666367e-003     1.71477184e-004     1.50312302e-004     2.87464684e-043 
       1877     6.40206392e-003     2.02639239e-003     1.11857119e-003     1.86990957e-004     1.63911259e-004     3.28720730e-042 
       1878     6.44612247e-003     2.04033788e-003     1.12626911e-003     2.08311185e-004     1.82600000e-004     3.58814976e-041 
       1879     6.53931197e-003     2.06983438e-003     1.14255122e-003     2.10484029e-004     1.84504656e-004     3.74638810e-040 
       1880     6.85818072e-003     2.17076327e-003     1.19826410e-003     2.76284410e-004     2.42183507e-004     3.74865204e-039 
       1881     7.60290371e-003     2.40648428e-003     1.32838240e-003     2.99993580e-004     2.62966329e-004     3.60090785e-038 
       1882     7.59798324e-003     2.40492685e-003     1.32752269e-003     3.39249088e-004     2.97376655e-004     3.25704512e-037 
       1883     8.27545041e-003     2.61935993e-003     1.44589003e-003     3.40296229e-004     2.98294551e-004     2.78351279e-036 
       1884     8.78849568e-003     2.78174991e-003     1.53552951e-003     3.44446958e-004     3.01932969e-004     2.25446665e-035 
       1885     9.24201958e-003     2.92530009e-003     1.61476938e-003     3.53260522e-004     3.09658703e-004     1.73525814e-034 
       1886     9.64973028e-003     3.05434938e-003     1.68600476e-003     3.66046154e-004     3.20866245e-004     1.27241057e-033 
       1887     1.00253361e-002     3.17323677e-003     1.75163075e-003     3.82113086e-004     3.34950087e-004     8.90855527e-033 
       1888     1.03825452e-002     3.28630123e-003     1.81404248e-003     4.00770552e-004     3.51304721e-004     5.96749317e-032 
       1889     1.07350658e-002     3.39788168e-003     1.87563503e-003     4.21327787e-004     3.69324642e-004     3.83172071e-031 
       1890     1.10966062e-002     3.51231706e-003     1.93880350e-003     4.43094025e-004     3.88404343e-004     2.36243372e-030 
       1891     1.14808746e-002     3.63394636e-003     2.00594303e-003     4.65378498e-004     4.07938315e-004     1.40080476e-029 
       1892     1.19015792e-002     3.76710852e-003     2.07944872e-003     4.87490442e-004     4.27321052e-004     7.89674023e-029 
       1893     1.23724283e-002     3.91614248e-003     2.16171565e-003     5.08739087e-004     4.45947045e-004     4.24254419e-028 
       1894     1.29192215e-002     4.08921444e-003     2.25725159e-003     5.31221316e-004     4.65654364e-004     2.17706909e-027 
       1895     1.35443740e-002     4.28708877e-003     2.36647848e-003     5.56913433e-004     4.88175385e-004     1.06920309e-026 
       1896     1.42265165e-002     4.50300171e-003     2.48566270e-003     5.84943812e-004     5.12746063e-004     5.03490890e-026 
       1897     1.49442803e-002     4.73018954e-003     2.61107067e-003     6.14440828e-004     5.38602357e-004     2.27720980e-025 
       1898     1.56762962e-002     4.96188848e-003     2.73896878e-003     6.44532855e-004     5.64980221e-004     9.90772504e-025 
       1899     1.64011953e-002     5.19133481e-003     2.86562345e-003     6.74348269e-004     5.91115613e-004     4.15272370e-024 
       1900     1.70976085e-002     5.41176473e-003     2.98730104e-003     7.03015444e-004     6.16244490e-004     1.67905056e-023 
       1901     1.77441668e-002     5.61641448e-003     3.10026797e-003     7.29662754e-004     6.39602808e-004     6.55705874e-023 
       1902     1.83195013e-002     5.79852036e-003     3.20079065e-003     7.53418575e-004     6.60426524e-004     2.43429496e-022 
       1903     1.88022429e-002     5.95131858e-003     3.28513546e-003     7.73411280e-004     6.77951593e-004     8.61222377e-022 
       1904     1.92088977e-002     6.08003367e-003     3.35618635e-003     7.90742232e-004     6.93143441e-004     2.91002786e-021 
       1905     1.95755330e-002     6.19608169e-003     3.42024501e-003     8.07116468e-004     7.07496657e-004     9.41013671e-021 
       1906     1.99101218e-002     6.30198633e-003     3.47870451e-003     8.22567874e-004     7.21040945e-004     2.91752782e-020 
       1907     2.02206371e-002     6.40027116e-003     3.53295786e-003     8.37130337e-004     7.33806010e-004     8.68745948e-020 
       1908     2.05150518e-002     6.49345982e-003     3.58439812e-003     8.50837743e-004     7.45821554e-004     2.48834372e-019 
       1909     2.08013388e-002     6.58407587e-003     3.63441829e-003     8.63723978e-004     7.57117283e-004     6.86590674e-019 
       1910     2.10874711e-002     6.67464298e-003     3.68441145e-003     8.75822930e-004     7.67722900e-004     1.82742739e-018 
       1911     2.13814218e-002     6.76768475e-003     3.73577063e-003     8.87168484e-004     7.77668109e-004     4.69765513e-018 
       1912     2.16911636e-002     6.86572476e-003     3.78988884e-003     8.97794528e-004     7.86982614e-004     1.16440386e-017 
       1913     2.20246697e-002     6.97128669e-003     3.84815916e-003     9.07734947e-004     7.95696118e-004     2.78652931e-017 
       1914     2.23506005e-002     7.07445087e-003     3.90510592e-003     9.16357669e-004     8.03254566e-004     6.44583651e-017 
       1915     2.26434766e-002     7.16715252e-003     3.95627735e-003     9.23351710e-004     8.09385354e-004     1.44289532e-016 
       1916     2.29200611e-002     7.25469754e-003     4.00460231e-003     9.29232581e-004     8.14540368e-004     3.12884188e-016 
       1917     2.31971169e-002     7.34239172e-003     4.05300961e-003     9.34515796e-004     8.19171492e-004     6.57886696e-016 
       1918     2.34914071e-002     7.43554096e-003     4.10442811e-003     9.39716867e-004     8.23730612e-004     1.34257110e-015 
       1919     2.38196947e-002     7.53945111e-003     4.16178664e-003     9.45351306e-004     8.28669610e-004     2.66145402e-015 
       1920     2.41987425e-002     7.65942799e-003     4.22801404e-003     9.51934628e-004     8.34440374e-004     5.12922383e-015 
       1921     2.46453137e-002     7.80077748e-003     4.30603913e-003     9.59982347e-004     8.41494788e-004     9.61770309e-015 
       1922     2.51761712e-002     7.96880543e-003     4.39879078e-003     9.70009973e-004     8.50284736e-004     1.82057209e-014 
       1923     2.58080781e-002     8.16881768e-003     4.50919780e-003     9.82533020e-004     8.61262104e-004     3.47936983e-014 
       1924     2.70653642e-002     8.56677606e-003     4.72887133e-003     1.01262360e-003     8.87638701e-004     6.71412875e-014 
       1925     2.93460906e-002     9.28867556e-003     5.12736078e-003     1.07177106e-003     9.39485775e-004     1.30832620e-013 
       1926     3.24776180e-002     1.02798720e-002     5.67450249e-003     1.15511673e-003     1.01254436e-003     2.57466933e-013 
       1927     3.62873064e-002     1.14857212e-002     6.34013278e-003     1.25780200e-003     1.10255552e-003     5.11738999e-013 
       1928     4.06025160e-002     1.28515789e-002     7.09408795e-003     1.37496820e-003     1.20526026e-003     1.02740255e-012 
       1929     4.52506074e-002     1.43228008e-002     7.90620434e-003     1.50175671e-003     1.31639967e-003     2.08373339e-012 
       1930     5.00589405e-002     1.58447428e-002     8.74631825e-003     1.63330884e-003     1.43171474e-003     4.26970900e-012 
       1931     5.48548760e-002     1.73627606e-002     9.58426602e-003     1.76476599e-003     1.54694655e-003     8.84005944e-012 
       1932     5.94657738e-002     1.88222100e-002     1.03898839e-002     1.89126948e-003     1.65783612e-003     1.84894009e-011 
       1933     6.37189944e-002     2.01684467e-002     1.11330084e-002     2.00796069e-003     1.76012451e-003     3.90702776e-011 
       1934     6.74980997e-002     2.13646157e-002     1.17932952e-002     2.11051811e-003     1.85002359e-003     8.34204162e-011 
       1935     7.09187063e-002     2.24473120e-002     1.23909449e-002     2.20163390e-003     1.92989325e-003     1.79989664e-010 
       1936     7.41562562e-002     2.34720670e-002     1.29566110e-002     2.28696994e-003     2.00469653e-003     3.92482503e-010 
       1937     7.73861914e-002     2.44944117e-002     1.35209465e-002     2.37218810e-003     2.07939649e-003     8.65047083e-010 
       1938     8.07839540e-002     2.55698774e-002     1.41146050e-002     2.46295026e-003     2.15895616e-003     1.92733034e-009 
       1939     8.45249861e-002     2.67539954e-002     1.47682396e-002     2.56491829e-003     2.24833861e-003     4.34131094e-009 
       1940     8.87847294e-002     2.81022967e-002     1.55125037e-002     2.68375406e-003     2.35250686e-003     9.88749866e-009 
       1941     9.37386272e-002     2.96703130e-002     1.63780507e-002     2.82511945e-003     2.47642396e-003     2.27722770e-008 
       1942     9.95621198e-002     3.15135750e-002     1.73955337e-002     2.99467631e-003     2.62505297e-003     5.11523307e-008 
       1943     1.06430649e-001     3.36876140e-002     1.85956059e-002     3.19808656e-003     2.80335694e-003     1.12131685e-007 
       1944     1.18542221e-001     3.75211897e-002     2.07117447e-002     3.74285738e-003     3.28088844e-003     2.40020097e-007 
       1945     1.38868818e-001     4.39549993e-002     2.42632158e-002     4.85388140e-003     4.25478230e-003     5.01953903e-007 
       1946     1.65746854e-001     5.24624821e-002     2.89593571e-002     6.41289848e-003     5.62137488e-003     1.02614026e-006 
       1947     1.97512745e-001     6.25170770e-002     3.45095064e-002     8.30164850e-003     7.27700251e-003     2.05161455e-006 
       1948     2.32502905e-001     7.35922233e-002     4.06230013e-002     1.04018714e-002     9.11800159e-003     4.01366289e-006 
       1949     2.69053748e-001     8.51613594e-002     4.70091792e-002     1.25953069e-002     1.10407083e-002     7.68675603e-006 
       1950     3.05501689e-001     9.66979249e-002     5.33773781e-002     1.47636951e-002     1.29414593e-002     1.44176675e-005 
       1951     3.40183140e-001     1.07675358e-001     5.94369353e-002     1.67887758e-002     1.47165907e-002     2.64960644e-005 
       1952     3.71434519e-001     1.17567099e-001     6.48971888e-002     1.85522888e-002     1.62624389e-002     4.70994131e-005 
       1953     3.97592239e-001     1.25846586e-001     6.94674761e-002     1.99359739e-002     1.74753403e-002     8.10705028e-005 
       1954     4.19364744e-001     1.32738057e-001     7.32715770e-002     2.09898814e-002     1.83991673e-002     1.35257052e-004 
       1955     4.38963608e-001     1.38941523e-001     7.66958984e-002     2.18753920e-002     1.91753822e-002     2.18935742e-004 
       1956     4.56979941e-001     1.44644084e-001     7.98437194e-002     2.26412423e-002     1.98467060e-002     3.44127239e-004 
       1957     4.74004848e-001     1.50032837e-001     8.28183179e-002     2.33361683e-002     2.04558595e-002     5.25691523e-004 
       1958     4.90629439e-001     1.55294882e-001     8.57229732e-002     2.40089066e-002     2.10455638e-002     7.81081148e-004 
       1959     5.07444821e-001     1.60617316e-001     8.86609636e-002     2.47081935e-002     2.16585400e-002     1.12963921e-003 
       1960     5.25042103e-001     1.66187238e-001     9.17355677e-002     2.54827654e-002     2.23375090e-002     1.59136516e-003 
       1961     5.44012392e-001     1.72191747e-001     9.50500643e-002     2.63813586e-002     2.31251917e-002     2.18513721e-003 
       1962     5.64946796e-001     1.78817941e-001     9.87077317e-002     2.74527096e-002     2.40643092e-002     2.89253169e-003 
       1963     5.88436423e-001     1.86252918e-001     1.02811849e-001     2.87455545e-002     2.51975824e-002     3.69598637e-003 
       1964     6.18734915e-001     1.95843050e-001     1.08105614e-001     3.09283789e-002     2.71109878e-002     4.56414356e-003 
       1965     6.45322149e-001     2.04258487e-001     1.12750946e-001     3.27071881e-002     2.86702443e-002     5.45323517e-003 
       1966     6.86994555e-001     2.17448709e-001     1.20031965e-001     3.52458652e-002     3.08955805e-002     6.31063662e-003 
       1967     7.12290043e-001     2.25455281e-001     1.24451603e-001     3.69191803e-002     3.23623637e-002     7.08020429e-003 
       1968     6.96158359e-001     2.20349253e-001     1.21633069e-001     3.64839349e-002     3.19808392e-002     7.70860723e-003 
       1969     6.92703500e-001     2.19255715e-001     1.21029435e-001     3.66861591e-002     3.21581035e-002     8.15161861e-003 
       1970     6.99390657e-001     2.21372345e-001     1.22197817e-001     3.73649763e-002     3.27531365e-002     8.37931144e-003 
       1971     7.12525482e-001     2.27722716e-001     1.24216966e-001     3.85543200e-002     3.36741439e-002     8.55771287e-003 
       1972     7.31280726e-001     2.33496230e-001     1.29453790e-001     3.98205259e-002     3.46627575e-002     8.99572356e-003 
       1973     7.67700815e-001     2.53968030e-001     1.36073133e-001     4.19226988e-002     3.46075796e-002     9.45514828e-003 
       1974     8.00374865e-001     2.65628655e-001     1.39393238e-001     4.33156054e-002     3.94806787e-002     8.89938272e-003 
       1975     7.61098270e-001     2.64596395e-001     1.45878034e-001     4.39536539e-002     4.08514210e-002     8.35530737e-003 
       1976     7.97399424e-001     2.63218255e-001     1.48640507e-001     4.55407360e-002     4.27433828e-002     8.54833906e-003 
       1977     8.06927152e-001     2.65127628e-001     1.51610291e-001     4.66606062e-002     4.17670138e-002     8.83820797e-003 
       1978     8.29806243e-001     2.64600145e-001     1.53823332e-001     4.66928609e-002     4.37228889e-002     9.00859107e-003 
       1979     8.52202985e-001     2.61670540e-001     1.57981276e-001     4.82941492e-002     4.53182912e-002     9.28762250e-003 
       1980     7.95578438e-001     2.58076989e-001     1.62721863e-001     4.90843287e-002     4.58274263e-002     9.15367188e-003 
       1981     7.74154735e-001     2.53723317e-001     1.67422777e-001     4.86867416e-002     4.57576208e-002     8.74289805e-003 
       1982     7.10988166e-001     2.39916527e-001     1.69308675e-001     4.92456971e-002     4.41186924e-002     8.37928599e-003 
       1983     7.40266025e-001     2.35988994e-001     1.73833249e-001     4.96360508e-002     4.38305286e-002     8.10689194e-003 
       1984     7.63483491e-001     2.34298511e-001     1.79398906e-001     5.02308274e-002     4.39072032e-002     8.30689194e-003 
       1985     7.45513918e-001     2.24556021e-001     1.78731801e-001     5.09757385e-002     4.27629506e-002     8.78708795e-003 
       1986     7.27523239e-001     2.17223599e-001     1.84050076e-001     5.10158691e-002     4.45132040e-002     9.50226550e-003 
       1987     7.26490092e-001     2.13768798e-001     1.84612465e-001     5.13742224e-002     4.43467088e-002     9.50226550e-003 
       1988     7.28680213e-001     2.04276448e-001     1.91392115e-001     5.26643064e-002     4.49311462e-002     1.02019537e-002 
       1989     7.37009711e-001     1.98995616e-001     1.97168031e-001     5.32572845e-002     4.51845185e-002     1.04504455e-002 
       1990     6.32257360e-001     1.87293851e-001     1.95431052e-001     5.39673645e-002     4.28656084e-002     1.09832379e-002 
       1991     6.26406720e-001     1.68690119e-001     2.06809800e-001     5.54365656e-002     4.70808571e-002     1.10082029e-002 
       1992     6.26900701e-001     1.53227624e-001     2.07724926e-001     5.79515544e-002     4.78922657e-002     1.14610093e-002 
       1993     6.12831155e-001     1.39981183e-001     2.20817629e-001     6.13093808e-002     4.92835069e-002     1.12859807e-002 
       1994     6.48000772e-001     1.31085179e-001     2.28472325e-001     6.38353056e-002     5.16376209e-002     1.15631475e-002 
       1995     6.73025450e-001     1.31670897e-001     2.44397474e-001     6.56375687e-002     5.42080273e-002     1.19818824e-002 
       1996     6.83178402e-001     1.38031066e-001     2.45591968e-001     6.17538182e-002     5.35611570e-002     1.22274087e-002 
       1997     6.76474958e-001     1.34572902e-001     2.62126114e-001     6.42906272e-002     5.32553206e-002     1.27326651e-002 
       1998     5.66373366e-001     1.26502236e-001     2.65262863e-001     6.51452333e-002     5.77873070e-002     1.29217322e-002 
       1999     4.92792997e-001     1.30523153e-001     2.79559238e-001     7.08118404e-002     5.77676379e-002     1.36365852e-002 
       2000     4.93911359e-001     1.47343048e-001     2.88028519e-001     6.86502335e-002     5.96505188e-002     1.39975818e-002 
       2001     4.76810784e-001     1.48266227e-001     3.01883625e-001     7.33838587e-002     5.87821569e-002     1.34550083e-002 
       2002     4.74281930e-001     1.46059300e-001     2.82892291e-001     7.16340369e-002     4.90742853e-002     1.37891689e-002 
       2003     4.80838477e-001     1.53096462e-001     2.98691096e-001     7.63131720e-002     5.06090379e-002     1.40336006e-002 
       2004     4.78403588e-001     1.58917955e-001     3.08173518e-001     7.55302487e-002     5.27124374e-002     1.53339697e-002 
       2005     4.72767256e-001     1.59342569e-001     3.19930719e-001     7.83329674e-002     5.35798348e-002     1.61636757e-002 
