 
__MAGICC 6.X MISC DATA OUTPUT FILE__ 
 
OUTPUT:   Inverse emission estimate of HFC125 
RUN:     RCP_30Oct 
RUN_ID:             1 
DATE:    No Date specified. 
MAGICC-VERSION:   6.3.01 BETA, 30 September 2009 
GAS:   HFC125 
 
COMPILED BY:  Malte Meinshausen, malte.meinshausen@pik-potsdam.de, www.primap.org 
SOURCE:  Inverse emisisons of HFC125 estimated from default lifetime and atmospheric abundance observations. 
NOTE:   For RCP distribution, 30 October 2009 
 

&THISFILE_SPECIFICATIONS 
 THISFILE_DATACOLUMNS    =    1  ,
 THISFILE_FIRSTYEAR      = 1765  ,
 THISFILE_LASTYEAR       = 2005  ,
 THISFILE_ANNUALSTEPS    =    1  ,
 THISFILE_FIRSTDATAROW   =   27  ,
 THISFILE_UNITS          = kt  ,
 THISFILE_DATTYPE        = FOURBOXDATA  ,
/  

    COLCODE              GLOBAL
       1765     0.00000000e+000 
       1766     0.00000000e+000 
       1767     0.00000000e+000 
       1768     0.00000000e+000 
       1769     0.00000000e+000 
       1770     0.00000000e+000 
       1771     0.00000000e+000 
       1772     0.00000000e+000 
       1773     0.00000000e+000 
       1774     0.00000000e+000 
       1775     0.00000000e+000 
       1776     0.00000000e+000 
       1777     0.00000000e+000 
       1778     0.00000000e+000 
       1779     0.00000000e+000 
       1780     0.00000000e+000 
       1781     0.00000000e+000 
       1782     0.00000000e+000 
       1783     0.00000000e+000 
       1784     0.00000000e+000 
       1785     0.00000000e+000 
       1786     0.00000000e+000 
       1787     0.00000000e+000 
       1788     0.00000000e+000 
       1789     0.00000000e+000 
       1790     0.00000000e+000 
       1791     0.00000000e+000 
       1792     0.00000000e+000 
       1793     0.00000000e+000 
       1794     0.00000000e+000 
       1795     0.00000000e+000 
       1796     0.00000000e+000 
       1797     0.00000000e+000 
       1798     0.00000000e+000 
       1799     0.00000000e+000 
       1800     0.00000000e+000 
       1801     0.00000000e+000 
       1802     0.00000000e+000 
       1803     0.00000000e+000 
       1804     0.00000000e+000 
       1805     0.00000000e+000 
       1806     0.00000000e+000 
       1807     0.00000000e+000 
       1808     0.00000000e+000 
       1809     0.00000000e+000 
       1810     0.00000000e+000 
       1811     0.00000000e+000 
       1812     0.00000000e+000 
       1813     0.00000000e+000 
       1814     0.00000000e+000 
       1815     0.00000000e+000 
       1816     0.00000000e+000 
       1817     0.00000000e+000 
       1818     0.00000000e+000 
       1819     0.00000000e+000 
       1820     0.00000000e+000 
       1821     0.00000000e+000 
       1822     0.00000000e+000 
       1823     0.00000000e+000 
       1824     0.00000000e+000 
       1825     0.00000000e+000 
       1826     0.00000000e+000 
       1827     0.00000000e+000 
       1828     0.00000000e+000 
       1829     0.00000000e+000 
       1830     0.00000000e+000 
       1831     0.00000000e+000 
       1832     0.00000000e+000 
       1833     0.00000000e+000 
       1834     0.00000000e+000 
       1835     0.00000000e+000 
       1836     0.00000000e+000 
       1837     0.00000000e+000 
       1838     0.00000000e+000 
       1839     0.00000000e+000 
       1840     0.00000000e+000 
       1841     0.00000000e+000 
       1842     0.00000000e+000 
       1843     0.00000000e+000 
       1844     0.00000000e+000 
       1845     0.00000000e+000 
       1846     0.00000000e+000 
       1847     0.00000000e+000 
       1848     0.00000000e+000 
       1849     0.00000000e+000 
       1850     0.00000000e+000 
       1851     0.00000000e+000 
       1852     0.00000000e+000 
       1853     0.00000000e+000 
       1854     0.00000000e+000 
       1855     0.00000000e+000 
       1856     0.00000000e+000 
       1857     0.00000000e+000 
       1858     0.00000000e+000 
       1859     0.00000000e+000 
       1860     0.00000000e+000 
       1861     0.00000000e+000 
       1862     0.00000000e+000 
       1863     0.00000000e+000 
       1864     0.00000000e+000 
       1865     0.00000000e+000 
       1866     0.00000000e+000 
       1867     0.00000000e+000 
       1868     0.00000000e+000 
       1869     0.00000000e+000 
       1870     0.00000000e+000 
       1871     0.00000000e+000 
       1872     0.00000000e+000 
       1873     0.00000000e+000 
       1874     0.00000000e+000 
       1875     0.00000000e+000 
       1876     0.00000000e+000 
       1877     0.00000000e+000 
       1878     0.00000000e+000 
       1879     0.00000000e+000 
       1880     0.00000000e+000 
       1881     0.00000000e+000 
       1882     0.00000000e+000 
       1883     0.00000000e+000 
       1884     0.00000000e+000 
       1885     0.00000000e+000 
       1886     0.00000000e+000 
       1887     0.00000000e+000 
       1888     0.00000000e+000 
       1889     0.00000000e+000 
       1890     0.00000000e+000 
       1891     0.00000000e+000 
       1892     0.00000000e+000 
       1893     0.00000000e+000 
       1894     0.00000000e+000 
       1895     0.00000000e+000 
       1896     0.00000000e+000 
       1897     0.00000000e+000 
       1898     0.00000000e+000 
       1899     0.00000000e+000 
       1900     0.00000000e+000 
       1901     0.00000000e+000 
       1902     0.00000000e+000 
       1903     0.00000000e+000 
       1904     0.00000000e+000 
       1905     0.00000000e+000 
       1906     0.00000000e+000 
       1907     0.00000000e+000 
       1908     0.00000000e+000 
       1909     0.00000000e+000 
       1910     0.00000000e+000 
       1911     0.00000000e+000 
       1912     0.00000000e+000 
       1913     0.00000000e+000 
       1914     0.00000000e+000 
       1915     0.00000000e+000 
       1916     0.00000000e+000 
       1917     0.00000000e+000 
       1918     0.00000000e+000 
       1919     0.00000000e+000 
       1920     0.00000000e+000 
       1921     0.00000000e+000 
       1922     0.00000000e+000 
       1923     0.00000000e+000 
       1924     0.00000000e+000 
       1925     0.00000000e+000 
       1926     0.00000000e+000 
       1927     0.00000000e+000 
       1928     0.00000000e+000 
       1929     0.00000000e+000 
       1930     0.00000000e+000 
       1931     0.00000000e+000 
       1932     0.00000000e+000 
       1933     0.00000000e+000 
       1934     0.00000000e+000 
       1935     0.00000000e+000 
       1936     0.00000000e+000 
       1937     0.00000000e+000 
       1938     0.00000000e+000 
       1939     0.00000000e+000 
       1940     0.00000000e+000 
       1941     0.00000000e+000 
       1942     0.00000000e+000 
       1943     0.00000000e+000 
       1944     0.00000000e+000 
       1945     0.00000000e+000 
       1946     0.00000000e+000 
       1947     0.00000000e+000 
       1948     0.00000000e+000 
       1949     0.00000000e+000 
       1950     0.00000000e+000 
       1951     0.00000000e+000 
       1952     0.00000000e+000 
       1953     0.00000000e+000 
       1954     0.00000000e+000 
       1955     0.00000000e+000 
       1956     0.00000000e+000 
       1957     0.00000000e+000 
       1958     0.00000000e+000 
       1959     0.00000000e+000 
       1960     0.00000000e+000 
       1961     0.00000000e+000 
       1962     0.00000000e+000 
       1963     0.00000000e+000 
       1964     0.00000000e+000 
       1965     0.00000000e+000 
       1966     0.00000000e+000 
       1967     0.00000000e+000 
       1968     0.00000000e+000 
       1969     0.00000000e+000 
       1970     5.99016200e-002 
       1971     6.19242870e-002 
       1972     6.39492910e-002 
       1973     6.59766340e-002 
       1974     6.80063190e-002 
       1975     7.00383470e-002 
       1976     7.20727220e-002 
       1977     7.41094450e-002 
       1978     7.61485180e-002 
       1979     7.81899440e-002 
       1980     2.03262450e-002 
       1981     7.16149120e-002 
       1982     7.95077290e-002 
       1983     7.94025130e-002 
       1984     1.97305930e-002 
       1985    -8.71642270e-002 
       1986     8.13420800e-002 
       1987     1.92092330e-001 
       1988     1.95742090e-001 
       1989     2.03424450e-001 
       1990     2.00882860e-001 
       1991     2.06262070e-001 
       1992     3.12114220e-001 
       1993     4.07095060e-001 
       1994     1.97175960e+000 
       1995     3.21969060e+000 
       1996     3.69360260e+000 
       1997     5.78426920e+000 
       1998     7.78198690e+000 
       1999     8.80830880e+000 
       2000     9.22417200e+000 
       2001     1.00306940e+001 
       2002     1.22477120e+001 
       2003     1.26099950e+001 
       2004     1.25073000e+001 
       2005     1.37591000e+001 
