
__MAGICC 6.X MISC DATA OUTPUT FILE__ 
 
OUTPUT:   Inverse emission estimate of CF4 
RUN:     RCP_30Oct 
RUN_ID:             1 
DATE:    No Date specified. 
MAGICC-VERSION:   6.3.01 BETA, 30 September 2009 
GAS:   CF4 
 
COMPILED BY:  Malte Meinshausen, malte.meinshausen@pik-potsdam.de, www.primap.org 
SOURCE:  Inverse emisisons of CF4 estimated from default lifetime and atmospheric abundance observations. 
NOTE:   For RCP distribution, 30 October 2009
 

&THISFILE_SPECIFICATIONS 
 THISFILE_DATACOLUMNS    =    1  ,
 THISFILE_FIRSTYEAR      = 1765  ,
 THISFILE_LASTYEAR       = 2005  ,
 THISFILE_ANNUALSTEPS    =    1  ,
 THISFILE_FIRSTDATAROW   =   27  ,
 THISFILE_UNITS          = kt  ,
 THISFILE_DATTYPE        = FOURBOXDATA  ,
/  

    COLCODE              GLOBAL
       1765     1.08555800e-002 
       1766     1.08448170e-002 
       1767     1.08406570e-002 
       1768     1.08364930e-002 
       1769     1.08323240e-002 
       1770     1.08281490e-002 
       1771     1.08239690e-002 
       1772     1.08197840e-002 
       1773     1.08155920e-002 
       1774     1.08113950e-002 
       1775     1.08071910e-002 
       1776     1.08029810e-002 
       1777     1.07987630e-002 
       1778     1.07945390e-002 
       1779     1.07903080e-002 
       1780     1.07860680e-002 
       1781     1.07818220e-002 
       1782     1.07775670e-002 
       1783     1.07733030e-002 
       1784     1.07690310e-002 
       1785     1.07647500e-002 
       1786     1.07604590e-002 
       1787     1.07561580e-002 
       1788     1.07518480e-002 
       1789     1.07475260e-002 
       1790     1.07431940e-002 
       1791     1.07388500e-002 
       1792     1.07344950e-002 
       1793     1.07301270e-002 
       1794     1.07257470e-002 
       1795     1.07213540e-002 
       1796     1.07169470e-002 
       1797     1.07125270e-002 
       1798     1.07080920e-002 
       1799     1.07036430e-002 
       1800     1.06991790e-002 
       1801     1.06946980e-002 
       1802     1.06902020e-002 
       1803     1.06856880e-002 
       1804     1.06811570e-002 
       1805     1.06766080e-002 
       1806     1.06720410e-002 
       1807     1.06674550e-002 
       1808     1.06628490e-002 
       1809     1.06582220e-002 
       1810     1.06535750e-002 
       1811     1.06489070e-002 
       1812     1.06442150e-002 
       1813     1.06395010e-002 
       1814     1.06347630e-002 
       1815     1.06300010e-002 
       1816     1.06252130e-002 
       1817     1.06203990e-002 
       1818     1.06155580e-002 
       1819     1.06106890e-002 
       1820     1.06057910e-002 
       1821     1.06008640e-002 
       1822     1.05959060e-002 
       1823     1.05909160e-002 
       1824     1.05858940e-002 
       1825     1.05808380e-002 
       1826     1.05757480e-002 
       1827     1.05706220e-002 
       1828     1.05654590e-002 
       1829     1.05602580e-002 
       1830     1.05550170e-002 
       1831     1.05497370e-002 
       1832     1.05444140e-002 
       1833     1.05390490e-002 
       1834     1.05336390e-002 
       1835     1.05281830e-002 
       1836     1.05226800e-002 
       1837     1.05171280e-002 
       1838     1.05115260e-002 
       1839     1.05058730e-002 
       1840     1.05001650e-002 
       1841     1.04944020e-002 
       1842     1.04885830e-002 
       1843     1.04827040e-002 
       1844     1.04767660e-002 
       1845     1.04707650e-002 
       1846     1.04647000e-002 
       1847     1.04585690e-002 
       1848     1.04523710e-002 
       1849     1.04461030e-002 
       1850     1.04397620e-002 
       1851     1.04401970e-002 
       1852     1.04406310e-002 
       1853     1.04410650e-002 
       1854     1.04415000e-002 
       1855     1.04419370e-002 
       1856     1.04423720e-002 
       1857     1.04428060e-002 
       1858     1.04432410e-002 
       1859     1.04436750e-002 
       1860     1.04441100e-002 
       1861     1.04442790e-002 
       1862     1.04444490e-002 
       1863     1.04446190e-002 
       1864     1.04447900e-002 
       1865     1.04449590e-002 
       1866     1.04451300e-002 
       1867     1.04453020e-002 
       1868     1.04454740e-002 
       1869     1.04456460e-002 
       1870     1.04458170e-002 
       1871     1.04462260e-002 
       1872     1.04466360e-002 
       1873     1.04470470e-002 
       1874     1.04474580e-002 
       1875     1.04478680e-002 
       1876     1.04482800e-002 
       1877     1.04486940e-002 
       1878     1.04491080e-002 
       1879     1.04495230e-002 
       1880     1.04499360e-002 
       1881     1.04506590e-002 
       1882     1.04513820e-002 
       1883     1.04521050e-002 
       1884     1.04528330e-002 
       1885     1.04535620e-002 
       1886     1.04542880e-002 
       1887     1.04550140e-002 
       1888     1.04557410e-002 
       1889     1.04564680e-002 
       1890     1.04571960e-002 
       1891     1.04581610e-002 
       1892     1.04591260e-002 
       1893     1.04600950e-002 
       1894     1.04610640e-002 
       1895     1.04620300e-002 
       1896     1.04629950e-002 
       1897     1.04639640e-002 
       1898     1.04649300e-002 
       1899     1.04658960e-002 
       1900     1.04668570e-002 
       1901     1.04692550e-002 
       1902     1.04716530e-002 
       1903     1.04740480e-002 
       1904     1.04764440e-002 
       1905     1.04788410e-002 
       1906     1.04812390e-002 
       1907     1.04836380e-002 
       1908     1.04860340e-002 
       1909     1.04884310e-002 
       1910     1.04908320e-002 
       1911     1.04961560e-002 
       1912     1.05014800e-002 
       1913     1.05068040e-002 
       1914     1.05121320e-002 
       1915     1.05174620e-002 
       1916     1.05227950e-002 
       1917     1.05281320e-002 
       1918     1.05334690e-002 
       1919     1.05388090e-002 
       1920     1.05441550e-002 
       1921     1.05424580e-002 
       1922     9.92669130e-001 
       1923     1.17493280e+000 
       1924     1.23623750e+000 
       1925     1.30076740e+000 
       1926     1.36869470e+000 
       1927     1.44019920e+000 
       1928     1.51546370e+000 
       1929     1.59469210e+000 
       1930     1.67808840e+000 
       1931     1.76587800e+000 
       1932     1.85828720e+000 
       1933     1.95556070e+000 
       1934     2.05795220e+000 
       1935     2.16573360e+000 
       1936     2.27918910e+000 
       1937     2.39861310e+000 
       1938     2.52432590e+000 
       1939     2.65665230e+000 
       1940     2.79594420e+000 
       1941     2.94257120e+000 
       1942     3.09691600e+000 
       1943     3.25938370e+000 
       1944     3.43040010e+000 
       1945     3.61042000e+000 
       1946     3.79991320e+000 
       1947     3.99937970e+000 
       1948     4.20934520e+000 
       1949     4.43035820e+000 
       1950     4.66300760e+000 
       1951     4.90788780e+000 
       1952     5.16565520e+000 
       1953     5.43699260e+000 
       1954     5.72260840e+000 
       1955     6.02325950e+000 
       1956     6.33973300e+000 
       1957     6.67286260e+000 
       1958     7.02352610e+000 
       1959     7.39264790e+000 
       1960     7.78119490e+000 
       1961     8.19020260e+000 
       1962     8.62073700e+000 
       1963     1.51142110e+001 
       1964     1.36044430e+001 
       1965     1.36047150e+001 
       1966     1.36049880e+001 
       1967     1.36052600e+001 
       1968     1.36055330e+001 
       1969     1.36058050e+001 
       1970     1.20960080e+001 
       1971     1.36063270e+001 
       1972     1.36066070e+001 
       1973     1.36068880e+001 
       1974     1.20970980e+001 
       1975     1.36074190e+001 
       1976     1.36077000e+001 
       1977     1.20979120e+001 
       1978     1.36082330e+001 
       1979     1.20984460e+001 
       1980     1.36087680e+001 
       1981     1.20989680e+001 
       1982     1.36092780e+001 
       1983     1.20994780e+001 
       1984     1.20997180e+001 
       1985     1.20999580e+001 
       1986     1.36102680e+001 
       1987     1.21004680e+001 
       1988     1.21007080e+001 
       1989     1.21009480e+001 
       1990     1.21011710e+001 
       1991     1.21013950e+001 
       1992     1.21016030e+001 
       1993     1.21018480e+001 
       1994     1.21020830e+001 
       1995     1.05922580e+001 
       1996     1.21025710e+001 
       1997     1.21028240e+001 
       1998     1.21030790e+001 
       1999     1.05932850e+001 
       2000     1.21036090e+001 
       2001     1.05938090e+001 
       2002     1.18481000e+001 
       2003     1.17693000e+001 
       2004     1.16885000e+001 
       2005     1.16059000e+001 
