
__MAGICC 5.X DATA FILE__ 

Data: Landuse Emissions 
Gas: Carbon Dioxide (CO2) 
Unit: Gigatons of Carbon (GtC) 
Description: Units: GtC/yr - Houghton URL: http://cdiac.ornl.gov/trends/landuse/houghton/houghton.htmlextended to half the 1850 value in 1765 
Source: Units: GtC/yr - Houghton URL: http://cdiac.ornl.gov/trends/landuse/houghton/houghton.htmlextended to half the 1850 value in 1765 
Compiled by: Malte Meinshausen, Lauder NZ, NCAR/PIK, malte.meinshausen@gmail.com 
Date: 18-Jul-2006 10:50:06  

&THISFILE_SPECIFICATIONS 
 THISFILE_DATACOLUMNS    =    2  ,
 THISFILE_FIRSTYEAR      = 1765  ,
 THISFILE_LASTYEAR       = 2000  ,
 THISFILE_ANNUALSTEPS    =    1  ,
 THISFILE_FIRSTDATAROW   =   21  ,
/  

       YEARS    EMIS-NH             EMIS-SH
       1765     2.47570000e-001     3.83000000e-003 
       1766     2.56205371e-001     3.83017089e-003 
       1767     2.64637565e-001     3.83070068e-003 
       1768     2.72869003e-001     3.83161502e-003 
       1769     2.80902103e-001     3.83293957e-003 
       1770     2.88739284e-001     3.83469999e-003 
       1771     2.96382963e-001     3.83692193e-003 
       1772     3.03835561e-001     3.83963106e-003 
       1773     3.11099496e-001     3.84285302e-003 
       1774     3.18177186e-001     3.84661349e-003 
       1775     3.25071050e-001     3.85093811e-003 
       1776     3.31783508e-001     3.85585254e-003 
       1777     3.38316978e-001     3.86138245e-003 
       1778     3.44673878e-001     3.86755349e-003 
       1779     3.50856627e-001     3.87439132e-003 
       1780     3.56867645e-001     3.88192159e-003 
       1781     3.62709350e-001     3.89016996e-003 
       1782     3.68384160e-001     3.89916210e-003 
       1783     3.73894495e-001     3.90892365e-003 
       1784     3.79242773e-001     3.91948028e-003 
       1785     3.84431413e-001     3.93085765e-003 
       1786     3.89462833e-001     3.94308141e-003 
       1787     3.94339453e-001     3.95617722e-003 
       1788     3.99063691e-001     3.97017073e-003 
       1789     4.03637967e-001     3.98508762e-003 
       1790     4.08064698e-001     4.00095352e-003 
       1791     4.12346303e-001     4.01779411e-003 
       1792     4.16485202e-001     4.03563504e-003 
       1793     4.20483813e-001     4.05450196e-003 
       1794     4.24344554e-001     4.07442054e-003 
       1795     4.28069845e-001     4.09541643e-003 
       1796     4.31662105e-001     4.11751530e-003 
       1797     4.35123751e-001     4.14074279e-003 
       1798     4.38457203e-001     4.16512457e-003 
       1799     4.41664880e-001     4.19068629e-003 
       1800     4.44749200e-001     4.21745361e-003 
       1801     4.47712582e-001     4.24545220e-003 
       1802     4.50557445e-001     4.27470770e-003 
       1803     4.53286208e-001     4.30524577e-003 
       1804     4.55901289e-001     4.33709208e-003 
       1805     4.58405107e-001     4.37027228e-003 
       1806     4.60800081e-001     4.40481203e-003 
       1807     4.63088629e-001     4.44073699e-003 
       1808     4.65273171e-001     4.47807281e-003 
       1809     4.67356125e-001     4.51684515e-003 
       1810     4.69339910e-001     4.55707968e-003 
       1811     4.71226945e-001     4.59880204e-003 
       1812     4.73019648e-001     4.64203789e-003 
       1813     4.74720438e-001     4.68681290e-003 
       1814     4.76331735e-001     4.73315272e-003 
       1815     4.77855956e-001     4.78108302e-003 
       1816     4.79295520e-001     4.83062943e-003 
       1817     4.80652847e-001     4.88181764e-003 
       1818     4.81930354e-001     4.93467328e-003 
       1819     4.83130461e-001     4.98922203e-003 
       1820     4.84255587e-001     5.04548953e-003 
       1821     4.85308150e-001     5.10350145e-003 
       1822     4.86290569e-001     5.16328344e-003 
       1823     4.87205263e-001     5.22486117e-003 
       1824     4.88054650e-001     5.28826028e-003 
       1825     4.88841150e-001     5.35350644e-003 
       1826     4.89567181e-001     5.42062531e-003 
       1827     4.90235161e-001     5.48964254e-003 
       1828     4.90847510e-001     5.56058379e-003 
       1829     4.91406646e-001     5.63347472e-003 
       1830     4.91914989e-001     5.70834099e-003 
       1831     4.92374956e-001     5.78520825e-003 
       1832     4.92788967e-001     5.86410216e-003 
       1833     4.93159440e-001     5.94504838e-003 
       1834     4.93488794e-001     6.02807257e-003 
       1835     4.93779448e-001     6.11320039e-003 
       1836     4.94033821e-001     6.20045749e-003 
       1837     4.94254331e-001     6.28986953e-003 
       1838     4.94443398e-001     6.38146217e-003 
       1839     4.94603439e-001     6.47526106e-003 
       1840     4.94736874e-001     6.57129187e-003 
       1841     4.94846121e-001     6.66958026e-003 
       1842     4.94933599e-001     6.77015187e-003 
       1843     4.95001728e-001     6.87303237e-003 
       1844     4.95052925e-001     6.97824742e-003 
       1845     4.95089609e-001     7.08582267e-003 
       1846     4.95114200e-001     7.19578378e-003 
       1847     4.95129116e-001     7.30815641e-003 
       1848     4.95136775e-001     7.42296622e-003 
       1849     4.95139597e-001     7.54023886e-003 
       1850     4.95140000e-001     7.66000000e-003 
       1851     4.86620000e-001     8.51000000e-003 
       1852     5.41900000e-001     8.64000000e-003 
       1853     5.39790000e-001     8.72000000e-003 
       1854     5.37270000e-001     8.80000000e-003 
       1855     5.34300000e-001     8.85000000e-003 
       1856     5.39450000e-001     8.88000000e-003 
       1857     5.44700000e-001     8.90000000e-003 
       1858     5.49860000e-001     8.91000000e-003 
       1859     5.55030000e-001     8.93000000e-003 
       1860     5.60180000e-001     8.94000000e-003 
       1861     5.70820000e-001     1.01000000e-002 
       1862     5.11870000e-001     1.03600000e-002 
       1863     5.11540000e-001     1.06100000e-002 
       1864     5.11430000e-001     1.08400000e-002 
       1865     5.11460000e-001     1.10500000e-002 
       1866     5.11210000e-001     1.12300000e-002 
       1867     5.09200000e-001     1.14000000e-002 
       1868     5.07010000e-001     1.15500000e-002 
       1869     5.04870000e-001     1.17100000e-002 
       1870     5.03100000e-001     1.18500000e-002 
       1871     5.16270000e-001     1.85300000e-002 
       1872     6.00060000e-001     2.06000000e-002 
       1873     6.08030000e-001     2.23500000e-002 
       1874     6.12830000e-001     2.30300000e-002 
       1875     6.18550000e-001     2.35800000e-002 
       1876     6.23850000e-001     2.51400000e-002 
       1877     6.28880000e-001     2.57200000e-002 
       1878     6.33890000e-001     2.62000000e-002 
       1879     6.38740000e-001     2.66200000e-002 
       1880     6.43820000e-001     2.70100000e-002 
       1881     6.77360000e-001     2.73500000e-002 
       1882     6.29360000e-001     2.76700000e-002 
       1883     6.31830000e-001     2.80000000e-002 
       1884     6.33070000e-001     2.83300000e-002 
       1885     6.34040000e-001     2.86500000e-002 
       1886     6.33370000e-001     3.02500000e-002 
       1887     6.31360000e-001     3.07400000e-002 
       1888     6.28650000e-001     3.11800000e-002 
       1889     6.26860000e-001     3.15400000e-002 
       1890     6.24990000e-001     3.18800000e-002 
       1891     6.21230000e-001     3.21700000e-002 
       1892     6.34840000e-001     3.24400000e-002 
       1893     6.35930000e-001     3.27000000e-002 
       1894     6.53490000e-001     3.29500000e-002 
       1895     6.57340000e-001     3.31900000e-002 
       1896     6.59010000e-001     3.34300000e-002 
       1897     6.61960000e-001     3.36600000e-002 
       1898     6.62920000e-001     3.38800000e-002 
       1899     6.63870000e-001     3.41000000e-002 
       1900     6.62400000e-001     3.43100000e-002 
       1901     7.22090000e-001     3.76000000e-002 
       1902     7.21570000e-001     3.83600000e-002 
       1903     7.45720000e-001     3.90000000e-002 
       1904     7.66580000e-001     3.95800000e-002 
       1905     7.86350000e-001     4.01100000e-002 
       1906     8.11440000e-001     4.05500000e-002 
       1907     8.14800000e-001     4.09600000e-002 
       1908     8.18510000e-001     4.13500000e-002 
       1909     8.20410000e-001     4.17200000e-002 
       1910     8.20970000e-001     4.20800000e-002 
       1911     7.63600000e-001     4.66800000e-002 
       1912     7.25120000e-001     4.76100000e-002 
       1913     6.93080000e-001     4.83600000e-002 
       1914     6.79610000e-001     4.89900000e-002 
       1915     6.62100000e-001     4.95500000e-002 
       1916     6.58440000e-001     4.99600000e-002 
       1917     6.54820000e-001     5.03300000e-002 
       1918     6.52800000e-001     5.06600000e-002 
       1919     6.56140000e-001     5.09700000e-002 
       1920     6.55450000e-001     5.12600000e-002 
       1921     6.98730000e-001     5.59200000e-002 
       1922     6.88370000e-001     5.68300000e-002 
       1923     6.93800000e-001     5.75600000e-002 
       1924     6.97400000e-001     5.81500000e-002 
       1925     6.98370000e-001     5.86500000e-002 
       1926     7.01610000e-001     5.90600000e-002 
       1927     7.39630000e-001     5.94500000e-002 
       1928     7.41190000e-001     5.98200000e-002 
       1929     7.39900000e-001     6.01700000e-002 
       1930     7.42230000e-001     6.05100000e-002 
       1931     7.53860000e-001     6.51200000e-002 
       1932     7.50750000e-001     6.60600000e-002 
       1933     7.46210000e-001     6.68300000e-002 
       1934     7.32020000e-001     6.74900000e-002 
       1935     7.27400000e-001     6.80800000e-002 
       1936     7.33890000e-001     6.85100000e-002 
       1937     7.09220000e-001     6.89100000e-002 
       1938     7.10290000e-001     6.92800000e-002 
       1939     7.05950000e-001     6.96200000e-002 
       1940     6.90730000e-001     6.99500000e-002 
       1941     6.73940000e-001     8.52300000e-002 
       1942     6.95570000e-001     8.77100000e-002 
       1943     6.91400000e-001     8.96100000e-002 
       1944     6.98150000e-001     9.11400000e-002 
       1945     7.01390000e-001     9.24000000e-002 
       1946     7.84010000e-001     9.31700000e-002 
       1947     8.04970000e-001     9.38200000e-002 
       1948     8.20530000e-001     9.43800000e-002 
       1949     8.27960000e-001     9.48800000e-002 
       1950     8.40140000e-001     9.53300000e-002 
       1951     1.00315000e+000     1.50460000e-001 
       1952     1.04971000e+000     1.63160000e-001 
       1953     1.03852000e+000     1.73280000e-001 
       1954     1.08743000e+000     1.77300000e-001 
       1955     1.13186000e+000     1.80210000e-001 
       1956     1.18769000e+000     1.81920000e-001 
       1957     1.21225000e+000     1.83120000e-001 
       1958     1.23643000e+000     1.83950000e-001 
       1959     1.13527000e+000     1.84540000e-001 
       1960     1.11667000e+000     1.84930000e-001 
       1961     1.18986000e+000     2.19400000e-001 
       1962     1.19969000e+000     2.24540000e-001 
       1963     1.21639000e+000     2.28310000e-001 
       1964     1.23929000e+000     2.31150000e-001 
       1965     1.25735000e+000     2.33410000e-001 
       1966     1.29437000e+000     2.34490000e-001 
       1967     1.29663000e+000     2.35300000e-001 
       1968     1.31083000e+000     2.35890000e-001 
       1969     1.32173000e+000     2.36100000e-001 
       1970     1.30100000e+000     2.36190000e-001 
       1971     1.18488000e+000     2.34750000e-001 
       1972     1.15646000e+000     2.29150000e-001 
       1973     1.19462000e+000     2.23920000e-001 
       1974     1.19831000e+000     2.23550000e-001 
       1975     1.20639000e+000     2.23330000e-001 
       1976     1.35116000e+000     2.22450000e-001 
       1977     1.38858000e+000     2.21600000e-001 
       1978     1.39329000e+000     2.20780000e-001 
       1979     1.38208000e+000     2.48960000e-001 
       1980     1.35521000e+000     2.52380000e-001 
       1981     1.43863000e+000     2.71820000e-001 
       1982     1.63651000e+000     2.86190000e-001 
       1983     1.69205000e+000     2.90790000e-001 
       1984     1.74521000e+000     2.93100000e-001 
       1985     1.77182000e+000     2.94600000e-001 
       1986     1.81631000e+000     2.95240000e-001 
       1987     1.83680000e+000     2.95270000e-001 
       1988     1.85572000e+000     2.95030000e-001 
       1989     1.85844000e+000     2.94790000e-001 
       1990     1.86370000e+000     2.94390000e-001 
       1991     2.08038000e+000     2.95240000e-001 
       1992     1.88584000e+000     3.53950000e-001 
       1993     1.86060000e+000     3.63090000e-001 
       1994     1.83230000e+000     3.69940000e-001 
       1995     1.79209000e+000     3.75300000e-001 
       1996     1.75670000e+000     3.79680000e-001 
       1997     1.72936000e+000     3.82120000e-001 
       1998     1.70236000e+000     3.84090000e-001 
       1999     1.68052000e+000     3.85730000e-001 
       2000     1.69411000e+000     3.87110000e-001 
