         6      1950      2100
 6/19/2006A1: Baseline emission file generated by John Daniel and Guus Velders


          CFC-11    CFC-12    CFC-113   CFC-114   CFC-115   CCl4      CH3CCl3   HCFC-22   HCFC-141b HCFC-142b Halon1211 Halon1202 Halon1301 Halon2402 CH3Br     CH3Cl

      1950     22854    139965     31016     45400         0    953700         0     14100         0         0         0         0         0         0    205500   5728000
      1951      8158     33854      1889      7102         0     65000         0       729         0         0         0         0         0         0    157267   3100211
      1952     11742     35200      2139      7288         0     70000         0      1044         0         0         0         0         0         0    157927   3117785
      1953     15985     39582      2437      7430         0     75000         0      1437         0         0         0         0         0         0    158604   3137148
      1954     19855     44802      2785      7431         0     80000      1214      1904         0         0         0         0         0         0    159300   3158216
      1955     24604     50343      3233      7388         0     85000      3512      2974         0         0         0         0         0         0    160014   3180749
      1956     30685     58664      3730      7302         0     90000      6224      3480         0         0         0         0         0         0    160748   3204498
      1957     34375     66689      4227      7250         0     95000      9469      4251         0         0         0         0         0         0    161502   3229071
      1958     32235     69930      4824      7221         0    100000     10772      6008         0         0         0         0         0         0    162277   3254039
      1959     33015     78149      5570      7176         0    105000     14717      7060         0         0         0         0         0         0    163073   3278967
      1960     43342     93090      6366      6600         0    110000     18348      7659         0         0         0         0         0         0    163892   3303389
      1961     55722    104600      7212      6880         0    115000     20077      9426         0         0         0         0         0         0    164735   3326864
      1962     69881    120668      8248      7168         0    119000     28220     11573         0         0         0         0         0         0    165601   3349069
      1963     85539    141744      9476      7421         0    123000     31460     14396         0         0         5         1         1         7    166493   3369713
      1964    101538    164921     10853      7692       225    127000     36197     16782         0         0        14         2         3        14    167410   3388628
      1965    115750    185933     12426      7975       444    127000     48096     20514         0         0        32         5         5        28    168355   3405698
      1966    129623    208571     14246      8305       633    127000     69567     24512         0         0        58         8         8        48    169328   3420923
      1967    147119    235269     16313      8623       825    127000     94137     29817         0         0       100        13        13        75    170329   3434335
      1968    167586    263953     18678      8974      1043    127000    114767     36216         0         0       158        19        16       109    171360   3446065
      1969    194513    294486     21388      9344      1283    127000    134875     39381         0         0       229        26        24       150    172423   3456224
      1970    221119    321743     24494      9687      1537    127000    141326     43652         0         0       329        35        43       197    173518   3464950
      1971    243137    346609     28094     10052      1803    127000    170133     47746         0       613       461        44       100       252    174646   3472409
      1972    274260    378471     32236     10471      2127    127000    214168     54790         0       613       630        55       170       313    175809   3478741
      1973    314040    419239     36920     10883      2495    127000    266209     61912         0       613       839        67       277       391    177007   3484114
      1974    345881    454701     42295     11290      2921    127000    305489     62543         0       613      1086        80       372       468    178243   3488632
      1975    335741    442834     48505     11734      3391    127000    308992     70487         0       613      1365        95       524       544    179517   3492425
      1976    343240    432280     55552     12200      3943    127000    382300     78510         0       613      1767       110       783       621    180830   3495619
      1977    330711    419447     63634     12680      4582    127000    462112     85789         0       613      2035       127      1006       697    182185   3498281
      1978    359009    424498     72896     13168      5337    127000    587319     92012         0       613      2454       145      1253       774    183581   3500505
      1979    274357    357266     83489     13661      6228    127000    489712     99321         0       613      2928       161      1548       850    185022   3502360
      1980    304998    432044     95641     14194      7006    121849    550707    104973         0       613      3453       185      1805       927    186506   3503915
      1981    289529    386347    104421     14121      7743    110093    505097    106406         0      1250      3946       206      2139      1003    188038   3505193
      1982    252419    400317    108943     13905      8399    123807    505343    116821         0       961      4522       229      2645      1105    189616   3506255
      1983    299092    408416    120930     14252      9207    135729    553718    125343         0      1165      5168       249      2980      1183    191243   3507154
      1984    310901    432125    177397     14781      9710    134867    569476    130447         0      1331      6032       269      3475      1262    192920   3507882
      1985    315327    407669    128622     15705      9792    109714    546714    138367         0      1011      7083       289      3997      1355    194648   3508496
      1986    388346    502712    169103     16379     10152    149931    539076    146048         0      3575      8220       309      4579      1434    196427   3508999
      1987    387277    453238    250222     16667     10807    115608    647608    162883         0      3773      9656       329      5109      1504    198259   3509425
      1988    303816    507990    245070     16593     11493    135667    635816    180113         0      4458     11362       349      5696      1728    200146   3509774
      1989    301477    385520    204109     15725     12260    118146    564767    186150         0      6174     11605       369      5482      1730    202087   3510061
      1990    291464    405617    203131     14022     12363    143171    694142    195690         0     11322     11702       389      5119      1730    204082   3510299
      1991    190405    309884    198928     13243     12135     70607    573576    204801         0     16556     11426       409      4094      1735    206133   3510501
      1992    203230    303369    121343     10324     12018     91022    554986    185994         0     20911      9343       429      2740      1715    208240   3510656
      1993    144940    228999     67857      8322     11681     85436    372232    188092     23101     22500     10230       509      3344      1700    210402   3510801
      1994    127137    232722     61065      6105     11011     77289    244236    179101     33844     25599      9105       589      4750      1680    212619   3510907
      1995    119235    194710     22978      4784      9083     85021    201637    243238     41961     24275     10035       669      3991      1300    200199   3511005
      1996    115437    178907     27962      2943      7019     70403     89184    211181     51431     26411     10743       729      2691       850    201834   3511082
      1997     95388    160981     18663      1886      5429     74423     62530    208614     46639     22493      9909       789      2594       700    207696   3511082
      1998     92401    152715     14831      1199      4223     84361     29412    249912     58131     27683      9837       607      2491       710    206946   3511082
      1999     94931    145169     14362       784      3320     69242     24668    230910     55817     28047      9806       467      2390       631    195938   3511082
      2000     99227    140712     17777       567      2609     74132     18584    229638     55602     26296      8834       328      2295       562    186206   3511082
      2001     81839    117202     12051       450      2069     65195     13253    270443     57190     28001      8669       282      2209       500    181525   3511082
      2002     81408    100258      6019       423      1609     69565     13487    243015     57770     22430      8524       235      2131       445    181887   3511082
      2003     90865    107745      2604       370      1288     69381      8444    252962     48801     23232      7770       189      2057       396    177539   3511082
      2004     78182     87647      5237       378      1046     67383     10874    263062     43847     23348      7653       189      1987       353    174260   3511082
      2005     49490     51552       854       227       785     65000     10874    283408     46641     18665      7518       189      1920       314    168841   3511082
      2006     48471     49808      1119       136       588     58500     10874    297615     48747     18581      6992        49      1834       279    167857   3511082
      2007     47083     46366       911        82       441     52000     10874    311265     50583     18356      6502        49      1752       249    167857   3511082
      2008     45740     43216       806        49       331     45500     10874    324431     52161     18002      6047        49      1675       221    167857   3511082
      2009     44442     40334       754        29       248     39000     10874    337175     53496     17528      5624        49      1601       197    167857   3511082
      2010     42976     36906       377        18       186     32500      7266    349552     54598     16944      5230         0      1521       175    167857   3511082
      2011     41557     33769       189        11       140     26000      7266    361610     55479     16259      4864         0      1445       156    167857   3511082
      2012     40186     30898        94         6       105     19500      7266    373391     56152     15481      4524         0      1373       139    167857   3511082
      2013     38860     28272        47         4        79     13000      7266    384930     56625     14618      4207         0      1304       124    167857   3511082
      2014     37578     25869        24         2        59      6500      7266    396259     56909     13677      3913         0      1239       110    167857   3511082
      2015     36338     23670        12         1        44         0         0    407405     57013     12662      3639         0      1177        98    155925   3511082
      2016     35138     21658         6         1        33         0         0    417103     57113     11729      3384         0      1118        87    155925   3511082
      2017     33979     19817         3         0        25         0         0    425539     57207     10871      3147         0      1062        78    155925   3511082
      2018     32858     18133         1         0        19         0         0    432879     57297     10081      2927         0      1009        69    155925   3511082
      2019     31773     16591         1         0        14         0         0    439265     57382      9355      2722         0       959        61    155925   3511082
      2020     30725     15181         0         0        10         0         0    444821     57463      8686      2531         0       911        55    155925   3511082
      2021     29711     13891         0         0         8         0         0    449654     57540      8072      2354         0       865        49    155925   3511082
      2022     28730     12710         0         0         6         0         0    453859     57613      7506      2189         0       822        43    155925   3511082
      2023     27782     11630         0         0         4         0         0    457517     57682      6985      2036         0       781        39    155925   3511082
      2024     26865     10641         0         0         3         0         0    460700     57748      6507      1894         0       742        34    155925   3511082
      2025     25979      9737         0         0         2         0         0    463469     57811      6066      1761         0       705        31    155925   3511082
      2026     25122      8909         0         0         2         0         0    465878     57870      5661      1638         0       669        27    155925   3511082
      2027     24293      8152         0         0         1         0         0    467974     57927      5288      1523         0       636        24    155925   3511082
      2028     23491      7459         0         0         1         0         0    469797     57980      4945      1417         0       604        22    155925   3511082
      2029     22716      6825         0         0         1         0         0    471384     58031      4629      1317         0       574        19    155925   3511082
      2030     21966      6245         0         0         1         0         0    472764     58080      4339      1225         0       545        17    155925   3511082
      2031     21241      5714         0         0         0         0         0    467698     57831      4064      1139         0       518        15    155925   3511082
      2032     20540      5228         0         0         0         0         0    457026     57299      3803      1060         0       492        13    155925   3511082
      2033     19862      4784         0         0         0         0         0    441474     56499      3554       985         0       467        12    155925   3511082
      2034     19207      4377         0         0         0         0         0    421679     55444      3318       916         0       444        11    155925   3511082
      2035     18573      4005         0         0         0         0         0    398190     54147      3093       852         0       422        10    155925   3511082
      2036     17960      3665         0         0         0         0         0    371490     52620      2877       793         0       401         8    155925   3511082
      2037     17368      3353         0         0         0         0         0    341994     50874      2671       737         0       381         8    155925   3511082
      2038     16794      3068         0         0         0         0         0    310067     48920      2473       686         0       362         7    155925   3511082
      2039     16240      2807         0         0         0         0         0    276024     46769      2284       638         0       344         6    155925   3511082
      2040     15704      2569         0         0         0         0         0    240141     44431      2101       593         0       326         5    155925   3511082
      2041     15186      2350         0         0         0         0         0    208923     42209      1933       551         0       310         5    155925   3511082
      2042     14685      2151         0         0         0         0         0    181763     40099      1778       513         0       295         4    155925   3511082
      2043     14200      1968         0         0         0         0         0    158134     38094      1636       477         0       280         4    155925   3511082
      2044     13732      1801         0         0         0         0         0    137576     36189      1505       444         0       266         3    155925   3511082
      2045     13279      1648         0         0         0         0         0    119691     34380      1385       413         0       253         3    155925   3511082
      2046     12840      1507         0         0         0         0         0    104131     32661      1274       384         0       240         3    155925   3511082
      2047     12417      1379         0         0         0         0         0     90594     31028      1172       357         0       228         2    155925   3511082
      2048     12007      1262         0         0         0         0         0     78817     29476      1078       332         0       217         2    155925   3511082
      2049     11611      1155         0         0         0         0         0     68571     28002       992       309         0       206         2    155925   3511082
      2050     11227      1057         0         0         0         0         0     59657     26602       913       287         0       195         2    155925   3511082
      2051     10857       967         0         0         0         0         0     51901     25272       840       267         0       186         1    155925   3511082
      2052     10499       885         0         0         0         0         0     45154     24008       772       248         0       176         1    155925   3511082
      2053     10152       809         0         0         0         0         0     39284     22808       711       231         0       168         1    155925   3511082
      2054      9817       741         0         0         0         0         0     34177     21668       654       215         0       159         1    155925   3511082
      2055      9493       678         0         0         0         0         0     29734     20584       601       200         0       151         1    155925   3511082
      2056      9180       620         0         0         0         0         0     25869     19555       553       186         0       144         1    155925   3511082
      2057      8877       567         0         0         0         0         0     22506     18577       509       173         0       136         1    155925   3511082
      2058      8584       519         0         0         0         0         0     19580     17648       468       161         0       130         1    155925   3511082
      2059      8301       475         0         0         0         0         0     17035     16766       431       149         0       123         1    155925   3511082
      2060      8027       435         0         0         0         0         0     14820     15928       396       139         0       117         1    155925   3511082
      2061      7762       398         0         0         0         0         0     12893     15131       365       129         0       111         0    155925   3511082
      2062      7506       364         0         0         0         0         0     11217     14375       336       120         0       106         0    155925   3511082
      2063      7258       333         0         0         0         0         0      9759     13656       309       112         0       100         0    155925   3511082
      2064      7019       305         0         0         0         0         0      8490     12973       284       104         0        95         0    155925   3511082
      2065      6787       279         0         0         0         0         0      7387     12325       261        97         0        91         0    155925   3511082
      2066      6563       255         0         0         0         0         0      6426     11708       240        90         0        86         0    155925   3511082
      2067      6346       233         0         0         0         0         0      5591     11123       221        84         0        82         0    155925   3511082
      2068      6137       214         0         0         0         0         0      4864     10567       203        78         0        78         0    155925   3511082
      2069      5935       195         0         0         0         0         0      4232     10038       187        72         0        74         0    155925   3511082
      2070      5739       179         0         0         0         0         0      3682      9537       172        67         0        70         0    155925   3511082
      2071      5549       164         0         0         0         0         0      3203      9060       158        63         0        67         0    155925   3511082
      2072      5366       150         0         0         0         0         0      2787      8607       146        58         0        63         0    155925   3511082
      2073      5189       137         0         0         0         0         0      2424      8176       134        54         0        60         0    155925   3511082
      2074      5018       125         0         0         0         0         0      2109      7768       123        50         0        57         0    155925   3511082
      2075      4852       115         0         0         0         0         0      1835      7379       113        47         0        54         0    155925   3511082
      2076      4692       105         0         0         0         0         0      1596      7010       104        43         0        52         0    155925   3511082
      2077      4537        96         0         0         0         0         0      1389      6660        96        40         0        49         0    155925   3511082
      2078      4388        88         0         0         0         0         0      1208      6327        88        38         0        46         0    155925   3511082
      2079      4243        80         0         0         0         0         0      1051      6010        81        35         0        44         0    155925   3511082
      2080      4103        74         0         0         0         0         0       915      5710        75        33         0        42         0    155925   3511082
      2081      3967        67         0         0         0         0         0       796      5424        69        30         0        40         0    155925   3511082
      2082      3836        62         0         0         0         0         0       692      5153        63        28         0        38         0    155925   3511082
      2083      3710        56         0         0         0         0         0       602      4895        58        26         0        36         0    155925   3511082
      2084      3587        52         0         0         0         0         0       524      4651        54        24         0        34         0    155925   3511082
      2085      3469        47         0         0         0         0         0       456      4418        49        23         0        32         0    155925   3511082
      2086      3355        43         0         0         0         0         0       397      4197        45        21         0        31         0    155925   3511082
      2087      3244        39         0         0         0         0         0       345      3987        42        20         0        29         0    155925   3511082
      2088      3137        36         0         0         0         0         0       300      3788        38        18         0        28         0    155925   3511082
      2089      3033        33         0         0         0         0         0       261      3599        35        17         0        26         0    155925   3511082
      2090      2933        30         0         0         0         0         0       227      3419        32        16         0        25         0    155925   3511082
      2091      2836        28         0         0         0         0         0       198      3248        30        15         0        24         0    155925   3511082
      2092      2743        25         0         0         0         0         0       172      3085        28        14         0        23         0    155925   3511082
      2093      2652        23         0         0         0         0         0       150      2931        25        13         0        22         0    155925   3511082
      2094      2565        21         0         0         0         0         0       130      2785        23        12         0        20         0    155925   3511082
      2095      2480        19         0         0         0         0         0       113      2645        21        11         0        19         0    155925   3511082
      2096      2398        18         0         0         0         0         0        99      2513        20        10         0        18         0    155925   3511082
      2097      2319        16         0         0         0         0         0        86      2387        18         9         0        18         0    155925   3511082
      2098      2243        15         0         0         0         0         0        75      2268        17         9         0        17         0    155925   3511082
      2099      2169        14         0         0         0         0         0        65      2155        15         8         0        16         0    155925   3511082
      2100      2097        12         0         0         0         0         0        56      2047        14         8         0        15         0    155925   3511082
